0
0118160614542
0
0118160614747
0
0118160614948
0
0118160615152
0
0118160615346
0
0118160615546
0
0118160615747
0
0118160615947
0
0118160616146
0
0118160616346
0
0118160616548
0
0118160616747
0
0118160616946
0
0118160617145
0
0118160617350
0
0118160617545
0
0118160617744
0
0118160617948
0
0118160618147
0
0118160618346
0.000300138723105
0118160618546
0.000300138723105
0118160618746
0.000300138723105
0118160618948
0
0118160619149
0
0118160619348
0
0118160619548
0
0118160619748
0
0118160619945
0
0118160620149
0
0118160620345
0
0118160620547
0
0118160620748
0
0118160620950
0
0118160621146
0
0118160621347
0
0118160621583
0
0118160621748
0
0118160621950
0
0118160622147
0
0118160622346
0
0118160622548
0
0118160622746
0
0118160622948
0
0118160623145
0
0118160623346
0
0118160623547
0
0118160623750
0
0118160623944
0
0118160624146
0
0118160624347
0
0118160624548
0
0118160624748
0
0118160624945
0
0118160625147
0
0118160625349
0
0118160625545
0
0118160625744
0
0118160625948
0.000300138723105
0118160626149
0.000300138723105
0118160626348
0.000300138723105
0118160626546
0.000300138723105
0118160626744
0.000300138723105
0118160626950
0.000300138723105
0118160627143
0
0118160627346
0
0118160627544
0.000300138723105
0118160627747
0
0118160627948
0
0118160628146
0
0118160628345
0
0118160628545
0
0118160628745
0
0118160628945
0
0118160629150
0
0118160629346
0
0118160629546
0
0118160629747
0
0118160629947
0
0118160630151
0
0118160630345
0
0118160630544
0
0118160630747
0
0118160630950
0
0118160631148
0
0118160631349
0.000300138723105
0118160631546
0.000300138723105
0118160631748
0.000300138723105
0118160631949
0.000300138723105
0118160632150
-0.0155658792937
0118160632351
-0.031431897427
0118160632547
-0.063163933577
0118160632750
-0.110761990072
0118160632952
-0.205958100851
0118160633147
-0.301154211629
0118160633347
-0.396350322524
0118160633547
-0.459814394824
0118160633746
-0.507412451436
0118160633948
-0.555010505719
0118160634145
-0.602608560002
0118160634345
-0.697804673342
0118160634551
-0.808866799925
0118160634753
-0.983393003815
0118160634953
-1.157619067
0118160635154
-1.36417744553
0118160635342
-1.60216772219
0118160635544
-1.84015799896
0118160635741
-2.10988031456
0118160635947
-2.39576878911
0118160636145
-2.69752328325
0118160636342
-2.99927778332
0118160636537
-3.33276431891
0118160636740
-3.66625085368
0118160636937
-4.01590355649
0118160637140
-4.36525611801
0118160637340
-4.7466408629
0118160637538
-5.11215959466
0118160637738
-5.4929440486
0118160637938
-5.87432880123
0118160638141
-6.27127942583
0118160638337
-6.68409607594
0118160638534
-7.09691272309
0118160638736
-7.50972937222
0118160638937
-7.92254602798
0118160639135
-8.35092854634
0118160639335
-8.76344504871
0118160639532
-9.19182757044
0118160639734
-9.61990993697
0118160639933
-10.0321262811
0118160640135
-10.4602086456
0118160640333
-10.8879908511
0118160640535
-11.3160732104
0118160640733
-11.7282895521
0118160640938
-12.1719377704
0118160641134
-12.6000201283
0118160641330
-13.0116361405
0118160641532
-13.4397184949
0118160641730
-13.8675006849
0118160641932
-14.2794168537
0118160642133
-14.7074992011
0118160642333
-15.1355815523
0118160642534
-15.5477978764
0118160642731
-15.9758802255
0118160642931
-16.4039625688
0118160643134
-16.8323450843
0118160643330
-17.2607275955
0118160643532
-17.6888099397
0118160643732
-18.1171924534
0118160643933
-18.5455749652
0118160644131
-18.9577912915
0118160644331
-19.4020398223
0118160644531
-19.8148564923
0118160644732
-20.2429388317
0118160644930
-20.6871873664
0118160645132
-21.1155698852
0118160645330
-21.528086381
0118160645528
-21.9564688984
0118160645729
-22.3848514139
0118160645930
-22.8129337557
0118160646129
-23.2413162715
0118160646331
-23.6690984315
0118160646530
-24.0971807654
0118160646727
-24.5252631007
0118160646933
-24.953345435
0118160647128
-25.3811275823
0118160647328
-25.7927435266
0118160647528
-26.220525668
0118160647729
-26.6483078119
0118160647931
-27.0760899484
0118160648128
-27.5035718998
0118160648329
-27.9313540304
0118160648531
-28.3588359721
0118160648728
-28.7866180969
0118160648929
-29.2144002215
0118160649128
-29.6418821525
0118160649327
-30.0696642714
0118160649528
-30.4971461951
0118160649729
-30.9090622875
0118160649929
-31.3527104185
0118160650131
-31.7643263112
0118160650333
-32.1924086115
0118160650526
-32.6198905156
0118160650731
-33.047372418
0118160650932
-33.4751545144
0118160651127
-33.9029366081
0118160651328
-34.3307186994
0118160651529
-34.7585007856
0118160651730
-35.1704168541
0118160651932
-35.5978987361
0118160652130
-36.0262812213
0118160652330
-36.4540632982
0118160652524
-36.8501133399
0118160652725
-37.2946620457
0118160652923
-37.7068783075
0118160653124
-38.134960586
0118160653322
-38.5633430679
0118160653523
-38.9596933099
0118160653723
-39.3880757943
0118160653924
-39.8161580677
0118160654125
-40.2442403451
0118160654324
-40.6564565965
0118160654525
-41.0845388717
0118160654723
-41.5129213532
0118160654924
-41.9410036271
0118160655125
-42.3532198751
0118160655321
-42.7816023614
0118160655523
-43.2096846306
0118160655721
-43.6374666806
0118160655928
-44.065849166
0118160656124
-44.4936312099
0118160656324
-44.9061476773
0118160656524
-45.3500959565
0118160656725
-45.7623122045
0118160656925
-46.1903944642
0118160657124
-46.6184767253
0118160657324
-47.0303927435
0118160657525
-47.4587752268
0118160657724
-47.8868574823
0118160657925
-48.2987734978
0118160658126
-48.7268557505
0118160658327
-49.1390719874
0118160658527
-49.5671542405
0118160658728
-49.9952364926
0118160658925
-50.4074527239
0118160659124
-50.8352347455
0118160659324
-51.2633169938
0118160659529
-51.6910990111
0118160659735
-52.1033152393
0118160659932
-52.5310972498
0118160700130
-52.9591794926
0118160700327
-53.3869615011
0118160700529
-53.8144432734
0118160700729
-54.2425255107
0118160700929
-54.6703075094
0118160701131
-55.0980895079
0118160701328
-55.5255712669
0118160701531
-55.9377874803
0118160701728
-56.3338374349
0118160701932
-56.7454531675
0118160702133
-57.1573691334
0118160702332
-57.5692850994
0118160702530
-57.9656352872
0118160702727
-58.3619854718
0118160702931
-58.7583356578
0118160703131
-59.1546858404
0118160703329
-59.5669020411
0118160703528
-59.963852711
0118160703727
-60.3602028945
0118160703927
-60.7568533231
0118160704129
-61.1693697664
0118160704334
-61.5660201934
0118160704534
-61.9629708714
0118160704731
-62.3596213023
0118160704931
-62.7724379977
0118160705133
-63.1687881799
0118160705330
-63.5660391118
0118160705535
-63.9468235289
0118160705730
-64.3593399778
0118160705934
-64.7721566829
0118160706133
-65.168506865
0118160706331
-65.5651572983
0118160706529
-65.9776737516
0118160706729
-66.3740239297
0118160706931
-66.7862401263
0118160707129
-67.1825903025
0118160707329
-67.5789404801
0118160707529
-67.9911566738
0118160707730
-68.387506847
0118160707931
-68.7838570216
0118160708131
-69.1957729514
0118160708327
-69.5924233826
0118160708525
-70.0043393065
0118160708727
-70.3845231965
0118160708930
-70.7964391179
0118160709133
-71.1924890176
0118160709330
-71.5885389149
0118160709531
-71.9845888123
0118160709730
-72.3803384406
0118160709931
-72.7760880628
0118160710132
-73.1721379492
0118160710330
-73.5678875669
0118160710531
-73.9639374478
0118160710727
-74.3593867886
0118160710929
-74.7551363924
0118160711129
-75.1511862666
0118160711328
-75.546935866
0118160711526
-75.9429857322
0118160711728
-76.3387353248
0118160711930
-76.7189191696
0118160712132
-77.1149690279
0118160712328
-77.5271851781
0118160712529
-77.9232350348
0118160712727
-78.3034188708
0118160712929
-78.7150344608
0118160713128
-79.1116848644
0118160713329
-79.5077347123
0118160713529
-79.8876182621
0118160713729
-80.2842686609
0118160713926
-80.6964848019
0118160714130
-81.0769689057
0118160714331
-81.4891850422
0118160714526
-81.8861357266
0118160714726
-82.2821855628
0118160714925
-82.6788359638
0118160715127
-83.0757866532
0118160715329
-83.4724370559
0118160715525
-83.8690874613
0118160715730
-84.2657378648
0118160715930
-84.6468225411
0118160716127
-85.0596392534
0118160716327
-85.4565899516
0118160716525
-85.8373743428
0118160716729
-86.2340247504
0118160716925
-86.6309754528
0118160717127
-87.0279261568
0118160717328
-87.4242762739
0118160717527
-87.8050606677
0118160717729
-88.2017110805
0118160717924
-88.5983614937
0118160718129
-88.9791458912
0118160718327
-89.376096597
0118160718525
-89.7727470122
0118160718725
-90.1693974278
0118160718931
-90.5663481425
0118160719122
-90.9629985573
0118160719327
-91.3593486721
0118160719528
-91.740433374
0118160719731
-92.1367834883
0118160719929
-92.5334339064
0118160720131
-92.9142183061
0118160720327
-93.3105684191
0118160720528
-93.7072188351
0118160720728
-94.1035689493
0118160720930
-94.500219368
0118160721129
-94.8810037707
0118160721329
-95.2776541879
0118160721532
-95.6737039899
0118160721729
-96.0700541005
0118160721931
-96.4508385004
0118160722133
-96.8471886097
0118160722329
-97.2438390262
0118160722530
-97.6401891342
0118160722728
-98.0365392389
0118160722929
-98.4487553613
0118160723131
-98.8448051505
0118160723327
-99.2570212702
0118160723528
-99.6530710579
0118160723729
-100.064986857
0118160723930
-100.461336956
0118160724129
-100.873252753
0118160724329
-101.26930253
0118160724531
-101.681218319
0118160724737
-102.077268093
0118160724937
-102.489183881
0118160725134
-102.88493333
0118160725339
-103.296849109
0118160725537
-103.708764888
0118160725734
-104.104514325
0118160725933
-104.500564083
0118160726134
-104.91217953
0118160726336
-105.307928955
0118160726533
-105.719544395
0118160726736
-106.115594141
0118160726937
-106.511343556
0118160727133
-106.922958982
0118160727334
-107.31900872
0118160727534
-107.730624142
0118160727730
-108.126373541
0118160727931
-108.522423268
0118160728132
-108.934339013
0118160728332
-109.330088403
0118160728533
-109.726438454
0118160728733
-110.138354189
0118160728932
-110.550269919
0118160729134
-110.946319633
0118160729335
-111.358535696
0118160729533
-111.754585404
0118160729734
-112.166801465
0118160729937
-112.563151509
0118160730138
-112.95950155
0118160730340
-113.371717604
0118160730534
-113.768367985
0118160730742
-114.180283701
0118160730943
-114.593100435
0118160731143
-114.989750817
0118160731340
-115.386701542
0118160731541
-115.783652266
0118160731741
-116.196469007
0118160731933
-116.593720082
0118160732138
-116.991271505
0118160732336
-117.388822931
0118160732530
-117.786674709
0118160732737
-118.184526494
0118160732933
-118.582678634
0118160733133
-118.964964766
0118160733330
-119.347250902
0118160733532
-119.729837395
0118160733730
-120.096858234
0118160733932
-120.479444745
0118160734134
-120.862331616
0118160734334
-121.229652835
0118160734533
-121.581108043
0118160734732
-121.948729634
0118160734930
-122.300184865
0118160735140
-122.651940464
0118160735337
-123.01956209
0118160735533
-123.38718373
0118160735735
-123.708408749
0118160735938
-124.060164392
0118160736137
-124.428086428
0118160736338
-124.765177508
0118160736535
-125.10166789
0118160736738
-125.43845864
0118160736940
-125.759984107
0118160737135
-126.080908867
0118160737337
-126.418000024
0118160737538
-126.723359152
0118160737739
-127.044884676
0118160737939
-127.366109856
0118160738140
-127.68733505
0118160738347
-127.992994597
0118160738544
-128.314219823
0118160738748
-128.635745423
0118160738951
-128.956970676
0118160739149
-129.262630285
0118160739346
-129.567989542
0118160739546
-129.873649177
0118160739756
-130.195174856
0118160739957
-130.500834524
0118160740156
-130.806494205
0118160740353
-131.112153902
0118160740552
-131.418113985
0118160740749
-131.739639739
0118160740953
-132.06086514
0118160741155
-132.366825267
0118160741352
-132.672485042
0118160741549
-132.978144828
0118160741751
-133.299670661
0118160741953
-133.605330479
0118160742151
-133.926856343
0118160742353
-134.232516191
0118160742549
-134.553741708
0118160742753
-134.874967243
0118160742954
-135.180326756
0118160743155
-135.517718729
0118160743352
-135.823378652
0118160743550
-136.113172555
0118160743751
-136.434698538
0118160743952
-136.740658884
0118160744152
-137.030452831
0118160744349
-137.351978861
0118160744549
-137.642073217
0118160744751
-137.932167588
0118160744950
-138.22196159
0118160745152
-138.512055991
0118160745350
-138.818016442
0118160745551
-139.092545218
0118160745753
-139.398205317
0118160745950
-139.688600162
0118160746151
-139.947262941
0118160746350
-140.237657817
0118160746550
-140.496320625
0118160746749
-140.771149877
0118160746953
-141.045378367
0118160747154
-141.304641994
0118160747349
-141.547739205
0118160747548
-141.822568519
0118160747749
-142.065665756
0118160747954
-142.309063401
0118160748149
-142.552160667
0118160748350
-142.795558341
0118160748552
-143.038956027
0118160748749
-143.266487682
0118160748955
-143.49401935
0118160749149
-143.721551033
0118160749351
-143.94938312
0118160749552
-144.192780878
0118160749752
-144.404746946
0118160749946
-144.648144733
0118160750152
-144.875976878
0118160750347
-145.087642594
0118160750544
-145.315474767
0118160750745
-145.543306952
0118160750942
-145.739106656
0118160751144
-145.887007822
0118160751345
-146.0346086
0118160751542
-146.16604294
0118160751745
-146.281611231
0118160751942
-146.39687913
0118160752144
-146.496581378
0118160752341
-146.596283628
0118160752541
-146.679519042
0118160752739
-146.762454062
0118160752945
-146.829222632
0118160753142
-146.895991204
0118160753341
-146.946593329
0118160753543
-146.997796244
0118160753743
-147.080731277
0118160753936
-147.147800254
0118160754140
-147.231336085
0118160754337
-147.299005861
0118160754544
-147.382842093
0118160754745
-147.466678333
0118160754944
-147.550814968
0118160755146
-147.635252004
0118160755344
-147.719689047
0118160755541
-147.804126092
0118160755739
-147.88886354
0118160755940
-147.973600993
0118160756140
-148.090070575
0118160756342
-148.190974498
0118160756541
-148.307744491
0118160756739
-148.440380557
0118160756942
-148.573317023
0118160757143
-148.706253501
0118160757337
-148.854755657
0118160757545
-149.019724684
0118160757744
-149.184092921
0118160757947
-149.332895505
0118160758145
-149.497263764
0118160758341
-149.677798504
0118160758540
-149.874199323
0118160758740
-150.054433687
0118160758943
-150.250534132
0118160759141
-150.446934988
0118160759339
-150.642735058
0118160759541
-150.854401211
0118160759740
-151.066367778
0118160759942
-151.309766102
0118160800144
-151.536997965
0118160800340
-151.748964573
0118160800536
-151.944764717
0118160800737
-152.188163095
0118160800938
-152.415995821
0118160801140
-152.643528152
0118160801336
-152.870760098
0118160801537
-153.114158533
0118160801738
-153.341690909
0118160801937
-153.5692233
0118160802142
-153.7967557
0118160802339
-154.024288119
0118160802537
-154.235954468
0118160802737
-154.463787318
0118160802939
-154.675453695
0118160803139
-154.887420493
0118160803339
-155.099086896
0118160803536
-155.31105372
0118160803742
-155.523020555
0118160803939
-155.719121322
0118160804136
-155.94665386
0118160804337
-156.158320328
0118160804537
-156.370287218
0118160804739
-156.581953709
0118160804936
-156.793920626
0118160805138
-157.005887556
0118160805340
-157.201688001
0118160805538
-157.39778887
0118160805739
-157.609755837
0118160805937
-157.805856733
0118160806135
-157.986091548
0118160806338
-158.182492877
0118160806538
-158.362727717
0118160806739
-158.54326298
0118160806938
-158.739664349
0118160807136
-158.919899224
0118160807338
-159.116000201
0118160807535
-159.296535511
0118160807736
-159.476770421
0118160807938
-159.689037946
0118160808140
-159.885138972
0118160808336
-160.09710611
0118160808537
-160.293207161
0118160808737
-160.521040421
0118160808938
-160.733007595
0118160809139
-160.944974784
0118160809336
-161.172507667
0118160809538
-161.400040564
0118160809735
-161.627873892
0118160809933
-161.855406817
0118160810134
-162.082939753
0118160810332
-162.326338807
0118160810533
-162.554172193
0118160810733
-162.797571275
0118160810931
-163.009238168
0118160811136
-163.252637278
0118160811332
-163.480470721
0118160811533
-163.708003758
0118160811732
-163.919971126
0118160811931
-164.147804612
0118160812132
-164.375337689
0118160812330
-164.587305096
0118160812531
-164.799272518
0118160812728
-165.027106063
0118160812930
-165.23907351
0118160813132
-165.434874442
0118160813330
-165.646841917
0118160813527
-165.858809404
0118160813729
-166.038744262
0118160813927
-166.218378703
0118160814129
-166.398013157
0118160814331
-166.593213305
0118160814527
-166.772547353
0118160814728
-166.967747519
0118160814930
-167.147081586
0118160815131
-167.341380493
0118160815329
-167.520113721
0118160815528
-167.698546531
0118160815730
-167.861113234
0118160815932
-168.039846486
0118160816130
-168.218880178
0118160816333
-168.429345676
0118160816530
-168.640111617
0118160816732
-168.835011453
0118160816934
-169.046077845
0118160817130
-169.257144248
0118160817330
-169.484377211
0118160817530
-169.695744067
0118160817733
-169.922977057
0118160817935
-170.150510491
0118160818136
-170.362177816
0118160818332
-170.605276965
0118160818534
-170.817244753
0118160818735
-171.028912117
0118160818932
-171.256445618
0118160819134
-171.452547324
0118160819332
-171.648949476
0118160819539
-171.860616894
0118160819742
-172.057019073
0118160819937
-172.236954267
0118160820137
-172.448922158
0118160820336
-172.629458249
0118160820537
-172.841426164
0118160820737
-173.037527969
0118160820940
-173.21776366
0118160821136
-173.413865487
0118160821348
-173.609967328
0118160821539
-173.790203054
0118160821737
-173.986304917
0118160821937
-174.198272924
0118160822137
-174.378508685
0118160822339
-174.574610585
0118160822535
-174.770712499
0118160822733
-174.951248735
0118160822935
-175.163216803
0118160823137
-175.343452623
0118160823337
-175.555420717
0118160823537
-175.735656561
0118160823737
-175.931758549
0118160823938
-176.143726682
0118160824138
-176.323962561
0118160824336
-176.520365028
0118160824536
-176.70060093
0118160824737
-176.896702977
0118160824938
-177.077239345
0118160825136
-177.273341417
0118160825337
-177.453577365
0118160825537
-177.649679463
0118160825736
-177.846082016
0118160825934
-178.026317996
0118160826137
-178.222420134
0118160826338
-178.387090442
0118160826536
-178.583192598
0118160826738
-178.779595215
0118160826935
-178.959831254
0118160827135
-179.156233895
0118160827336
-179.33646996
0118160827534
-179.51700648
0118160827736
-179.697242567
0118160827934
-179.877478665
0118160828136
-180.073881366
0118160828335
-180.269983635
0118160828536
-180.466386363
0118160828733
-180.662488657
0118160828935
-180.85859096
0118160829137
-181.054693278
0118160829336
-181.282527905
0118160829535
-181.494496401
0118160829735
-181.722030609
0118160829936
-181.949564827
0118160830138
-182.192965216
0118160830339
-182.436666066
0118160830535
-182.679465582
0118160830737
-182.922866012
0118160830939
-183.182132611
0118160831137
-183.441098773
0118160831337
-183.715931106
0118160831543
-183.974897298
0118160831745
-184.233863505
0118160831943
-184.524261584
0118160832141
-184.79909398
0118160832341
-185.057759778
0118160832539
-185.332592205
0118160832740
-185.607424646
0118160832938
-185.882257105
0118160833138
-186.15678912
0118160833335
-186.431922066
0118160833535
-186.706754573
0118160833731
-186.981587096
0118160833935
-187.256419632
0118160834140
-187.531252184
0118160834341
-187.790218591
0118160834534
-188.048884554
0118160834735
-188.324017614
0118160834933
-188.582984066
0118160835131
-188.841950532
0118160835332
-189.101217479
0118160835531
-189.344618274
0118160835731
-189.588019084
0118160835929
-189.831119445
0118160836128
-190.058654118
0118160836330
-190.286188804
0118160836531
-190.513723504
0118160836729
-190.725692515
0118160836926
-190.969393876
0118160837129
-191.181362915
0118160837331
-191.377465798
0118160837529
-191.573568691
0118160837731
-191.769671598
0118160837929
-191.965774518
0118160838126
-192.146011277
0118160838323
-192.326548513
0118160838524
-192.490919124
0118160838727
-192.655590213
0118160838925
-192.82026131
0118160839121
-192.984631949
0118160839324
-193.133737363
0118160839524
-193.282542314
0118160839725
-193.415481102
0118160839926
-193.548419897
0118160840124
-193.665492523
0118160840325
-193.766698976
0118160840525
-193.915804445
0118160840723
-194.001144733
0118160840921
-194.118217391
0118160841123
-194.204158633
0118160841323
-194.305365118
0118160841525
-194.390705431
0118160841725
-194.476646687
0118160841926
-194.562287481
0118160842122
-194.616195913
0118160842325
-194.68597053
0118160842526
-194.73987897
0118160842722
-194.793787409
0118160842924
-194.831829669
0118160843122
-194.870172399
0118160843324
-194.892348473
0118160843530
-194.883092644
0118160843730
-194.88940253
0118160843927
-194.896313357
0118160844124
-194.870890863
0118160844326
-194.861635025
0118160844528
-194.804480146
0118160844728
-194.76349192
0118160844925
-194.722503692
0118160845127
-194.633616412
0118160845325
-194.560595319
0118160845526
-194.471708023
0118160845728
-194.366954526
0118160845926
-194.246334826
0118160846129
-194.125715114
0118160846326
-194.004794925
0118160846527
-193.852442803
0118160846726
-193.715956864
0118160846926
-193.547438053
0118160847129
-193.362752562
0118160847326
-193.178367524
0118160847527
-192.978116277
0118160847727
-192.793430745
0118160847927
-192.592879
0118160848128
-192.376461043
0118160848329
-192.143876397
0118160848528
-191.895125077
0118160848727
-191.678106144
0118160848928
-191.397321921
0118160849133
-191.132403887
0118160849337
-190.899518707
0118160849535
-190.586100641
0118160849734
-190.304715435
0118160849933
-190.039797341
0118160850140
-189.694346364
0118160850338
-189.364461117
0118160850536
-189.034575858
0118160850734
-188.688523921
0118160850936
-188.342171515
0118160851137
-187.995218183
0118160851336
-187.648264843
0118160851542
-187.284844376
0118160851737
-186.905557697
0118160851935
-186.525670099
0118160852145
-186.129615838
0118160852343
-185.749127327
0118160852540
-185.352472158
0118160852737
-184.971082293
0118160852944
-184.589391979
0118160853141
-184.191835464
0118160853337
-183.809844707
0118160853538
-183.427853956
0118160853740
-183.045562764
0118160853936
-182.662971131
0118160854136
-182.280379505
0118160854334
-181.89838878
0118160854535
-181.515797173
0118160854739
-181.133506016
0118160854939
-180.783848611
0118160855140
-180.433590321
0118160855338
-180.067165388
0118160855535
-179.669909379
0118160855734
-179.320852873
0118160855937
-178.939463076
0118160856136
-178.574239924
0118160856332
-178.194352333
0118160856542
-177.81356342
0118160856738
-177.433074945
0118160856943
-177.037621578
0118160857143
-176.641867767
0118160857340
-176.262280597
0118160857540
-175.882993855
0118160857737
-175.50430798
0118160857935
-175.141187866
0118160858137
-174.746635766
0118160858336
-174.399982709
0118160858531
-174.021296798
0118160858732
-173.642911307
0118160858937
-173.280392014
0118160859134
-172.934039349
0118160859339
-172.571820466
0118160859541
-172.209301142
0118160859736
-171.847082235
0118160859933
-171.501029954
0118160900134
-171.122644391
0118160900336
-170.776892511
0118160900536
-170.414673562
0118160900735
-170.052454597
0118160900933
-169.706402256
0118160901133
-169.34418327
0118160901329
-168.981964271
0118160901534
-168.619745262
0118160901734
-168.257826665
0118160901931
-167.895607633
0118160902130
-167.517221956
0118160902328
-167.138836272
0118160902529
-166.776316788
0118160902731
-166.381464032
0118160902928
-166.002777899
0118160903127
-165.624091757
0118160903327
-165.22893856
0118160903528
-164.850252401
0118160903725
-164.470965403
0118160903931
-164.075812184
0118160904126
-163.680658959
0118160904331
-163.301371941
0118160904527
-162.89005208
0118160904729
-162.510164224
0118160904931
-162.098844351
0118160905129
-161.703090275
0118160905330
-161.307336197
0118160905531
-160.911281706
0118160905729
-160.515227211
0118160905931
-160.103306501
0118160906130
-159.706951599
0118160906330
-159.31059669
0118160906529
-158.898075163
0118160906731
-158.501419849
0118160906932
-158.105064942
0118160907128
-157.692543415
0118160907333
-157.296188504
0118160907568
-156.899232791
0118160907731
-156.486711268
0118160907928
-156.090055956
0118160908125
-155.677534434
0118160908326
-155.280578723
0118160908528
-154.868057201
0118160908728
-154.455535681
0118160908926
-154.058880372
0118160909130
-153.64635885
0118160909324
-153.249703544
0118160909524
-152.836881629
0118160909727
-152.440526716
0118160909928
-152.043871411
0118160910125
-151.631650287
0118160910326
-151.23499498
0118160910531
-150.822773852
0118160910736
-150.410552726
0118160910931
-150.014498198
0118160911132
-149.61784289
0118160911329
-149.205922149
0118160911531
-148.794001404
0118160911727
-148.413512695
0118160911928
-148.017758544
0118160912127
-147.606438565
0118160912328
-147.21038402
0118160912533
-146.830195688
0118160912733
-146.434141139
0118160912935
-146.02252076
0118160913133
-145.626766588
0118160913328
-145.231012413
0118160913529
-144.835558614
0118160913727
-144.439504052
0118160913927
-144.044050243
0118160914128
-143.648296053
0118160914330
-143.236976022
0118160914528
-142.857088035
0118160914730
-142.44546762
0118160914926
-142.082046591
0118160915132
-141.67012579
0118160915328
-141.290237787
0118160915529
-140.862150395
0118160915725
-140.513694442
0118160915927
-140.165238484
0118160916128
-139.911379068
0118160916329
-139.721284872
0118160916527
-139.57848895
0118160916728
-139.49915788
0118160916926
-139.467425456
0118160917128
-139.483592038
0118160917327
-139.49915788
0118160917530
-139.49915788
0118160917729
-139.499458252
0118160917928
-139.49915788
0118160918125
-139.483291667
0118160918326
-139.483291667
0118160918528
-139.49915788
0118160918726
-139.49915788
0118160918927
-139.483291667
0118160919127
-139.483291667
0118160919328
-139.483291667
0118160919526
-139.483291667
0118160919729
-139.483291667
0118160919926
-139.483291667
0118160920131
-139.483291667
0118160920326
-139.483291667
0118160920527
-139.483291667
0118160920728
-139.483291667
0118160920925
-139.483291667
0118160921127
-139.483291667
0118160921324
-139.483291667
0118160921526
-139.483592038
0118160921724
-139.483592038
0118160921925
-139.483291667
0118160922124
-139.483592038
0118160922325
-139.483592038
0118160922524
-139.483592038
0118160922724
-139.483592038
0118160922926
-139.483291667
0118160923127
-139.483291667
0118160923325
-139.483291667
0118160923525
-139.483291667
0118160923727
-139.483291667
0118160923927
-139.483291667
0118160924127
-139.483291667
0118160924327
-139.483291667
0118160924527
-139.483291667
0118160924724
-139.483592038
0118160924927
-139.483592038
0118160925129
-139.483291667
0118160925327
-139.483291667
0118160925524
-139.483291667
0118160925724
-139.483291667
0118160925927
-139.483291667
0118160926130
-139.483291667
0118160926326
-139.483291667
0118160926527
-139.483291667
0118160926727
-139.483291667
0118160926927
-139.483291667
0118160927130
-139.483592038
0118160927326
-139.483291667
0118160927527
-139.483592038
0118160927727
-139.483592038
0118160927928
-139.483291667
0118160928130
-139.483291667
0118160928328
-139.483291667
0118160928526
-139.483291667
0118160928726
-139.483291667
0118160928927
-139.483592038
0118160929128
-139.483291667
0118160929329
-139.467725827
0118160929527
-139.451859614
0118160929726
-139.420127185
0118160929929
-139.372228174
0118160930127
-139.293197475
0118160930324
-139.182133979
0118160930526
-139.05550464
0118160930723
-138.896842504
0118160930924
-138.706447939
0118160931126
-138.516053373
0118160931319
-138.278360537
0118160931520
-138.040367331
0118160931719
-137.786808281
0118160931921
-137.517082646
0118160932121
-137.231791167
0118160932321
-136.930633472
0118160932521
-136.629175412
0118160932721
-136.295984921
0118160932919
-135.978961011
0118160933124
-135.630204676
0118160933320
-135.281147972
0118160933521
-134.900959566
0118160933718
-134.551902866
0118160933919
-134.171414096
0118160934115
-133.806791541
0118160934319
-133.410436558
0118160934517
-133.013781212
0118160934719
-132.617726587
0118160934915
-132.221371599
0118160935116
-131.808850038
0118160935318
-131.428661621
0118160935514
-131.016440417
0118160935714
-130.604219211
0118160935920
-130.223730434
0118160936122
-129.811509228
0118160936320
-129.41485388
0118160936513
-129.002332318
0118160936716
-128.590111111
0118160936913
-128.209021628
0118160937112
-127.812666632
0118160937313
-127.384278858
0118160937513
-127.002889029
0118160937714
-126.606233684
0118160937915
-126.193411778
0118160938111
-125.79645609
0118160938313
-125.383634191
0118160938514
-124.98697885
0118160938714
-124.590023164
0118160938915
-124.17720127
0118160939111
-123.780245588
0118160939321
-123.383590253
0118160939528
-122.986634574
0118160939738
-122.58997924
0118160939932
-122.193023564
0118160940128
-121.796368233
0118160940326
-121.383846686
0118160940529
-120.987191353
0118160940731
-120.574669809
0118160940927
-120.178014477
0118160941130
-119.781359147
0118160941330
-119.368837602
0118160941526
-118.972182274
0118160941728
-118.55966073
0118160941933
-118.163305733
0118160942130
-117.750784189
0118160942327
-117.354128862
0118160942528
-116.941907653
0118160942724
-116.545252323
0118160942928
-116.13303111
0118160943126
-115.736676112
0118160943338
-115.324454898
0118160943524
-114.927799567
0118160943723
-114.515278027
0118160943927
-114.118923026
0118160944124
-113.706401483
0118160944325
-113.310046481
0118160944521
-112.913391152
0118160944726
-112.516735822
0118160944928
-112.120380816
0118160945124
-111.707859277
0118160945319
-111.311203948
0118160945519
-110.914548622
0118160945720
-110.517893294
0118160945921
-110.121237969
0118160946129
-109.724282323
0118160946337
-109.327627
0118160946535
-108.930971674
0118160946728
-108.534316352
0118160946930
-108.137360711
0118160947126
-107.74070539
0118160947327
-107.344050067
0118160947523
-106.93122822
0118160947724
-106.534572898
0118160947927
-106.137617267
0118160948131
-105.740961947
0118160948328
-105.344006319
0118160948531
-104.94705069
0118160948726
-104.550395375
0118160948931
-104.153439749
0118160949128
-103.756183817
0118160949330
-103.359528505
0118160949526
-102.962572887
0118160949729
-102.565917575
0118160949930
-102.153095745
0118160950134
-101.772306649
0118160950327
-101.37565134
0118160950528
-100.962829512
0118160950729
-100.566174206
0118160950929
-100.1695189
0118160951128
-99.7728635915
0118160951326
-99.3603420719
0118160951527
-98.9636867669
0118160951728
-98.5673317615
0118160951933
-98.1706764542
0118160952128
-97.7584552332
0118160952329
-97.3617999286
0118160952530
-96.9654449206
0118160952727
-96.5690899092
0118160952930
-96.156868685
0118160953128
-95.760513674
0118160953324
-95.3638583663
0118160953525
-94.9516371398
0118160953725
-94.5552821266
0118160953926
-94.15892711
0118160954124
-93.7622718043
0118160954321
-93.3656164965
0118160954524
-92.969261481
0118160954724
-92.5567399614
0118160954924
-92.1600846567
0118160955123
-91.76342935
0118160955320
-91.3509078342
0118160955521
-90.9542525284
0118160955723
-90.5575972229
0118160955924
-90.1450757085
0118160956123
-89.7481201204
0118160956321
-89.3514648168
0118160956523
-88.9386430224
0118160956720
-88.5416874415
0118160956925
-88.1450321407
0118160957124
-87.7480765603
0118160957327
-87.3355550519
0118160957524
-86.9388997555
0118160957731
-86.5263782431
0118160957935
-86.1297229475
0118160958129
-85.7172014409
0118160958331
-85.3205461438
0118160958532
-84.9080246356
0118160958732
-84.511669616
0118160958930
-84.0994483816
0118160959132
-83.7030933575
0118160959330
-83.3067383351
0118160959530
-82.8942168262
0118160959732
-82.4981620731
0118160959930
-82.0859408336
0118161000127
-81.6898860764
0118161000328
-81.2935310459
0118161000531
-80.8968757489
0118161000730
-80.4852550398
0118161000927
-80.1047662196
0118161001128
-79.7087114502
0118161001327
-79.3126566808
0118161001528
-78.9166019066
0118161001727
-78.504380657
0118161001925
-78.1238918277
0118161002125
-77.7122710982
0118161002326
-77.3162163175
0118161002526
-76.9198612736
0118161002727
-76.5232059663
0118161002928
-76.1268509188
0118161003127
-75.714329402
0118161003325
-75.333240049
0118161003525
-74.9210187886
0118161003727
-74.5240632285
0118161003926
-74.1432741354
0118161004127
-73.7307526215
0118161004323
-73.3340973175
0118161004523
-72.9377422702
0118161004726
-72.5563526717
0118161004927
-72.1444316652
0118161005124
-71.7477763621
0118161005327
-71.3514213129
0118161005522
-70.9550662604
0118161005728
-70.5266785361
0118161005933
-70.1306237311
0118161006129
-69.7342686756
0118161006328
-69.3223476571
0118161006530
-68.9265930923
0118161006727
-68.5308385239
0118161006926
-68.1353841993
0118161007127
-67.7402301142
0118161007328
-67.3447757761
0118161007530
-66.9499219194
0118161007725
-66.5547678145
0118161007928
-66.1437474902
0118161008127
-65.7485933696
0118161008326
-65.3375730295
0118161008528
-64.9103862321
0118161008729
-64.4834996657
0118161008931
-64.0721790674
0118161009129
-63.6602579889
0118161009331
-63.2327709338
0118161009533
-62.805584108
0118161009735
-62.3780970415
0118161009931
-61.9661759502
0118161010132
-61.5386888764
0118161010333
-61.1106013354
0118161010533
-60.682814023
0118161010731
-60.2705926904
0118161010932
-59.8425051431
0118161011131
-59.4144175972
0118161011333
-58.9863300479
0118161011530
-58.5579422717
0118161011735
-58.1292542634
0118161011937
-57.6850002729
0118161012135
-57.256612499
0118161012332
-56.8120582841
0118161012534
-56.3836705094
0118161012742
-55.9394165218
0118161012944
-55.5107285251
0118161013141
-55.0814400861
0118161013338
-54.6365856602
0118161013539
-54.2069970123
0118161013738
-53.7771081484
0118161013943
-53.362485067
0118161014140
-52.9325962205
0118161014340
-52.5021069465
0118161014537
-52.0874838982
0118161014737
-51.6728608579
0118161014936
-51.2420714034
0118161015136
-50.8271481679
0118161015341
-50.4119247352
0118161015535
-49.9967013159
0118161015738
-49.5814779053
0118161015946
-49.1818205111
0118161016147
-48.78186292
0118161016343
-48.3666395535
0118161016543
-47.9666819902
0118161016743
-47.5664242356
0118161016944
-47.1823329154
0118161017146
-46.782675607
0118161017349
-46.3982841093
0118161017550
-46.0297588354
0118161017753
-45.6295011599
0118161017952
-45.2765419197
0118161018148
-44.9074162841
0118161018348
-44.5385908684
0118161018549
-44.1853314741
0118161018751
-43.8159056889
0118161018951
-43.4626463302
0118161019148
-43.1093869889
0118161019350
-42.739961257
0118161019546
-42.3861015526
0118161019751
-42.0169760595
0118161019949
-41.6792827933
0118161020152
-41.3251229449
0118161020347
-40.9871295174
0118161020551
-40.6647021123
0118161020749
-40.3267087248
0118161020952
-40.0042813551
0118161021149
-39.681854009
0118161021352
-39.3749926835
0118161021551
-39.0836973833
0118161021749
-38.7774364845
0118161021952
-38.5187741991
0118161022148
-38.3080107142
0118161022350
-38.0975474335
0118161022547
-37.9191167518
0118161022747
-37.7248198792
0118161022949
-37.5302228226
0118161023147
-37.3679585533
0118161023345
-37.2059944801
0118161023542
-37.0916290032
0118161023744
-36.9928295311
0118161023949
-36.8790644427
0118161024143
-36.7177007726
0118161024343
-36.5563371076
0118161024542
-36.3949734522
0118161024742
-36.2488756098
0118161024944
-36.149775974
0118161025145
-36.0030777643
0118161025341
-35.8243469867
0118161025539
-35.6617825964
0118161025747
-35.4830518325
0118161025948
-35.3037207017
0118161026140
-35.1243895779
0118161026338
-34.9450584662
0118161026539
-34.7654271759
0118161026741
-34.5696295141
0118161026941
-34.3579656802
0118161027138
-34.1624682317
0118161027336
-33.9346380456
0118161027536
-33.7071080604
0118161027738
-33.4634117163
0118161027932
-33.2355815738
0118161028129
-32.9760190749
0118161028331
-32.7320225927
0118161028537
-32.4565939426
0118161028738
-32.1967313077
0118161028934
-31.9527348759
0118161029138
-31.6770060927
0118161029330
-31.4491760596
0118161029532
-31.1890133131
0118161029733
-30.9608831289
0118161029931
-30.7013207805
0118161030133
-30.4570242664
0118161030332
-30.2130279501
0118161030534
-29.984897829
0118161030736
-29.7409015448
0118161030936
-29.5130716342
0118161031132
-29.2846413796
0118161031334
-29.024778967
0118161031536
-28.7966489235
0118161031742
-28.5685188952
0118161031942
-28.3089567081
0118161032136
-28.0649605369
0118161032335
-27.820964382
0118161032533
-27.5611020705
0118161032730
-27.3174061225
0118161032931
-27.0734100193
0118161033128
-26.8452800988
0118161033328
-26.6012840277
0118161033529
-26.3575881427
0118161033728
-26.1294582735
0118161033930
-25.8854622457
0118161034134
-25.64176641
0118161034331
-25.3977704168
0118161034528
-25.1696406073
0118161034733
-24.9412106409
0118161034930
-24.6816487016
0118161035129
-24.4696852763
0118161035335
-24.1939570324
0118161035529
-23.9661274692
0118161035734
-23.7062654269
0118161035930
-23.4625697307
0118161036131
-23.20270772
0118161036332
-22.9431458958
0118161036531
-22.6835840883
0118161036731
-22.424022295
0118161036933
-22.1800265161
0118161037136
-21.9045985959
0118161037332
-21.6450368529
0118161037531
-21.36960897
0118161037728
-21.1103474294
0118161037933
-20.8349195785
0118161038134
-20.5594917502
0118161038337
-20.2999300917
0118161038539
-20.0400682879
0118161038735
-19.7646405097
0118161038932
-19.5050789021
0118161039131
-19.2613834683
0118161039337
-18.9859557393
0118161039539
-18.7263941865
0118161039736
-18.4506663306
0118161039933
-18.2066708007
0118161040134
-17.9468091328
0118161040335
-17.6869474873
0118161040531
-17.4270858543
0118161040735
-17.1833905515
0118161040935
-16.9235289549
0118161041132
-16.6636673735
0118161041339
-16.4196719605
0118161041540
-16.1756765639
0118161041737
-15.9316811861
0118161041935
-15.6718196729
0118161042136
-15.4278243259
0118161042335
-15.1679628495
0118161042539
-14.9236673772
0118161042736
-14.6799722359
0118161042938
-14.4359769549
0118161043135
-14.1761155443
0118161043336
-13.932120299
0118161043538
-13.6881250652
0118161043737
-13.4282637083
0118161043935
-13.1845686635
0118161044136
-12.9247073405
0118161044339
-12.6648460351
0118161044538
-12.4208508867
0118161044740
-12.1609896158
0118161044938
-11.9011283598
0118161045140
-11.6412671238
0118161045338
-11.3972720426
0118161045540
-11.137710991
0118161045739
-10.8778498064
0118161045940
-10.617988637
0118161046139
-10.3742937711
0118161046344
-10.1302987726
0118161046543
-9.87043765397
0118161046740
-9.61057655769
0118161046941
-9.35071547411
0118161047137
-9.09085441031
0118161047338
-8.83129351051
0118161047536
-8.5872986099
0118161047736
-8.32743759762
0118161047938
-8.06787674804
0118161048138
-7.80801577028
0118161048334
-7.54845495196
0118161048535
-7.28859400883
0118161048739
-7.02903322654
0118161048938
-6.76947245857
0118161049137
-6.50961156707
0118161049331
-6.25005083764
0118161049532
-5.99049012002
0118161049740
-5.73092942149
0118161049943
-5.47106859618
0118161050142
-5.2115079338
0118161050344
-4.95194728312
0118161050547
-4.69238665153
0118161050739
-4.44839201961
0118161050938
-4.20409726264
0118161051149
-3.92897069862
0118161051342
-3.63767789037
0118161051541
-3.3781173458
0118161051743
-3.1185568131
0118161051942
-2.84343031724
0118161052143
-2.56770356325
0118161052344
-2.308143084
0118161052551
-2.04858262138
0118161052751
-1.77315605618
0118161052946
-1.51329549286
0118161053143
-1.23816909955
0118161053342
-0.962442453485
0118161053553
-0.687015961506
0118161053750
-0.427755734068
0118161053951
-0.1520291419
0118161054141
0.107231052534
0118161054338
0.382957606518
0118161054538
0.642217768007
0118161054735
0.902078177314
0118161054938
1.14577232569
0118161055135
1.38976658846
0118161055332
1.66549305641
0118161055530
1.8933210448
0118161055732
2.13731525827
0118161055936
2.38130945788
0118161056135
2.60973765911
0118161056331
2.82199961017
0118161056530
3.03426154482
0118161056727
3.26268970018
0118161056933
3.47555186111
0118161057131
3.65638166922
0118161057329
3.86924380343
0118161057529
4.06593968853
0118161057731
4.24706958531
0118161057933
4.44406557106
0118161058132
4.64076141553
0118161058332
4.80602516944
0118161058531
5.00302111427
0118161058732
5.168284846
0118161058931
5.34941466246
0118161059128
5.53054446849
0118161059329
5.7116742591
0118161059534
5.89310416218
0118161059741
6.07393380662
0118161059943
6.25506355858
0118161100139
6.45235951478
0118161100335
6.63348924235
0118161100537
6.83048505092
0118161100737
7.01161474967
0118161100937
7.1927444404
0118161101135
7.37387411337
0118161101338
7.55530389363
0118161101534
7.7205674522
0118161101736
7.88583099667
0118161101933
8.06696062133
0118161102133
8.24809023074
0118161102337
8.41335373896
0118161102539
8.57891735662
0118161102738
8.74448095978
0118161102939
8.89417846443
0118161103134
9.07530801394
0118161103336
9.20913941087
0118161103537
9.35883688251
0118161103739
9.50853434572
0118161103935
9.62649962946
0118161104135
9.76033098751
0118161104337
9.89446245274
0118161104539
10.0124277103
0118161104737
10.14625904
0118161104938
10.2483582005
0118161105142
10.3504573542
0118161105339
10.4684225768
0118161105538
10.5708218318
0118161105738
10.6729209636
0118161105939
10.7435880513
0118161106140
10.83012121
0118161106340
10.9322203227
0118161106534
11.0025872768
0118161106736
11.0729542266
0118161106939
11.143621292
0118161107134
11.1984222756
0118161107336
11.2529231407
0118161107534
11.3074240028
0118161107735
11.3619248642
0118161107936
11.4167258351
0118161108136
11.4553606209
0118161108337
11.4942955175
0118161108533
11.5487963652
0118161108736
11.5718651902
0118161108937
11.5949340169
0118161109133
11.6180028408
0118161109335
11.6566376146
0118161109539
11.6955725014
0118161109741
11.7345073865
0118161109942
11.7890082204
0118161110138
11.8279431034
0118161110334
11.8986101061
0118161110534
11.953411043
0118161110731
12.0237779252
0118161110934
12.0944449151
0118161111135
12.180977962
0118161111331
12.2513448302
0118161111534
12.3537439242
0118161111730
12.4399768396
0118161111934
12.5582419741
0118161112135
12.6603409328
0118161112332
12.7627399981
0118161112535
12.8807049949
0118161112736
12.9986699883
0118161112937
13.1004688044
0118161113132
13.2022676114
0118161113332
13.288200362
0118161113537
13.3744332198
0118161113738
13.4448000187
0118161113937
13.467268552
0118161114139
13.5062033552
0118161114335
13.5607040999
0118161114535
13.5517406435
0118161114737
13.5589433495
0118161114938
13.5975780376
0118161115134
13.6047807439
0118161115336
13.5802513597
0118161115538
13.5874540691
0118161115741
13.5943566663
0118161115934
13.569827285
0118161116134
13.5291317559
0118161116332
13.5043022738
0118161116533
13.4794727951
0118161116734
13.422911235
0118161116932
13.3663496833
0118161117133
13.3256541747
0118161117335
13.2846585595
0118161117533
13.2119308715
0118161117735
13.1392031853
0118161117937
13.0826416602
0118161118134
13.0102141066
0118161118335
12.9374864456
0118161118540
12.8809249392
0118161118740
12.7764652192
0118161118939
12.6720055086
0118161119136
12.5675458071
0118161119332
12.4633862308
0118161119532
12.3430605157
0118161119732
12.2068687793
0118161119935
12.0865430835
0118161120135
11.9344853393
0118161120333
11.7982936382
0118161120533
11.6462359169
0118161120733
11.5100442397
0118161120930
11.342120518
0118161121133
11.1900628355
0118161121333
11.0218390203
0118161121532
10.8700814855
0118161121738
10.6698255264
0118161121934
10.4854356076
0118161122132
10.2528473907
0118161122332
10.0358250879
0118161122533
9.81850268249
0118161122729
9.56944823836
0118161122934
9.336259834
0118161123135
9.05487313075
0118161123331
8.78965258691
0118161123532
8.49239988788
0118161123731
8.19514720386
0118161123931
7.86586236802
0118161124131
7.52071152662
0118161124332
7.15939455247
0118161124529
6.79777746927
0118161124729
6.42029438028
0118161124931
6.0266451583
0118161125132
5.63299594761
0118161125333
5.23904662119
0118161125529
4.84509730933
0118161125729
4.43498186045
0118161125932
4.040432307
0118161126129
3.6297166124
0118161126329
3.20313491055
0118161126529
2.77655321243
0118161126729
2.3493712584
0118161126930
1.92188917217
0118161127132
1.47824093595
0118161127330
1.06602460338
0118161127528
0.733438495663
0118161127727
0.464016327634
0118161127928
0.289490130381
0118161128130
0.178428001585
0118161128327
0.115264069289
0118161128530
0.0832318952889
0118161128729
0.0993980516214
0118161128931
0.0990979130147
0118161129128
0.11496393074
0118161129326
0.115264069289
0118161129527
0.0990979130147
0118161129726
0.115264069289
0118161129929
0.11496393074
0118161130130
0.0993980516214
0118161130327
0.0993980516214
0118161130528
0.0993980516214
0118161130727
0.0990979130147
0118161130929
0.0993980516214
0118161131128
0.0990979130147
0118161131329
0.0990979130147
0118161131530
0.0990979130147
0118161131727
0.0990979130147
0118161131928
0.0990979130147
0118161132136
0.0993980516214
0118161132333
0.0993980516214
0118161132531
0.0990979130147
0118161132733
0.0993980516214
0118161132932
0.0993980516214
0118161133132
0.0993980516214
0118161133332
0.0993980516214
0118161133532
0.0993980516214
0118161133732
0.0993980516214
0118161133934
0.0993980516214
0118161134134
0.0993980516214
0118161134332
0.0990979130147
0118161134532
0.0990979130147
0118161134731
0.0990979130147
0118161134934
0.0990979130147
0118161135133
0.0990979130147
0118161135417
0.0990979130147
0118161135532
0.0990979130147
0118161135735
0.0990979130147
0118161135933
0.0990979130147
0118161136132
0.0990979130147
0118161136333
0.0990979130147
0118161136535
0.0990979130147
0118161136742
0.0993980516214
0118161136943
0.0990979130147
0118161137135
0.0990979130147
0118161137338
0.0990979130147
0118161137539
0.0990979130147
0118161137737
0.0990979130147
0118161137938
0.0990979130147
0118161138139
0.0990979130147
0118161138336
0.0990979130147
0118161138538
0.0990979130147
0118161138735
