0
0118160614542
0
0118160614747
0
0118160614948
0
0118160615152
0
0118160615346
0
0118160615546
0
0118160615747
0
0118160615947
0
0118160616146
0
0118160616346
0
0118160616548
0
0118160616747
0
0118160616946
0
0118160617145
0
0118160617350
0
0118160617545
0
0118160617744
0
0118160617948
0
0118160618147
0
0118160618346
0.0184758789837
0118160618546
0.0184758789837
0118160618746
0.0184758789837
0118160618948
0
0118160619149
0
0118160619348
0
0118160619548
0
0118160619748
0
0118160619945
0
0118160620149
0
0118160620345
0
0118160620547
0
0118160620748
0
0118160620950
0
0118160621146
0
0118160621347
0
0118160621583
0
0118160621748
0
0118160621950
0
0118160622147
0
0118160622346
0
0118160622548
0
0118160622746
0
0118160622948
0
0118160623145
0
0118160623346
0
0118160623547
0
0118160623750
0
0118160623944
0
0118160624146
0
0118160624347
0
0118160624548
0
0118160624748
0
0118160624945
0
0118160625147
0
0118160625349
0
0118160625545
0
0118160625744
0
0118160625948
0.0184758789837
0118160626149
0.0184758789837
0118160626348
0.0184758789837
0118160626546
0.0184758789837
0118160626744
0.0184758789837
0118160626950
0.0184758789837
0118160627143
0
0118160627346
0
0118160627544
0.0184758789837
0118160627747
0
0118160627948
0
0118160628146
0
0118160628345
0
0118160628545
0
0118160628745
0
0118160628945
0
0118160629150
0
0118160629346
0
0118160629546
0
0118160629747
0
0118160629947
0
0118160630151
0
0118160630345
0
0118160630544
0
0118160630747
0
0118160630950
0
0118160631148
0
0118160631349
0.0184758789837
0118160631546
0.0184758789837
0118160631748
0.0184758789837
0118160631949
0.0184758789837
0118160632150
0.0187336211093
0118160632351
0.0189913623035
0118160632547
0.0195068470202
0118160632750
0.0202800729312
0118160632952
0.0218265247531
0118160633147
0.0233729784377
0118160633347
0.0249194330536
0118160633547
0.0259504034184
0118160633746
0.026723631192
0118160633948
0.0274968589656
0118160634145
0.0282700876705
0118160634345
0.0298165446147
0118160634551
0.0316207460128
0118160634753
0.0344559210353
0118160634953
0.0557669787668
0118160635154
0.0406417683698
0118160635342
0.0445079305209
0118160635544
0.0483740973286
0118160635741
0.0527557595633
0118160635947
0.0389192965813
0118160636145
0.0253405850381
0118160636342
0.0117618846707
0118160636537
-0.00130131375045
0118160636740
-0.0143645037897
0118160636937
-0.045645812992
0118160637140
-0.0584512306377
0118160637340
-0.0892170188017
0118160637538
-0.120240542106
0118160637738
-0.114054544829
0118160637938
-0.144820292015
0118160638141
-0.156852395739
0118160638337
-0.168626731727
0118160638534
-0.180401051417
0118160638736
-0.192175356206
0118160638937
-0.203949642833
0118160639135
-0.196990280412
0118160639335
-0.19028865546
0118160639532
-0.183329259511
0118160639734
-0.157893966418
0118160639933
-0.13271641219
0118160640135
-0.107281084638
0118160640333
-0.0633698594756
0118160640535
-0.0379344979301
0118160640733
-0.0127568761818
0118160640938
0.0314121604897
0118160641134
0.056847576052
0118160641330
0.118977006525
0118160641532
0.144412455615
0118160641730
0.188323803712
0118160641932
0.231977404561
0118160642133
0.257412905805
0118160642333
0.282848426141
0118160642534
0.308026197366
0118160642731
0.333461752627
0118160642931
0.358897322789
0118160643134
0.365857032128
0118160643330
0.372816759162
0118160643532
0.398252382874
0118160643732
0.405212145299
0118160643933
0.412171924487
0118160644131
0.43734983122
0118160644331
0.444567416329
0118160644531
0.432793596759
0118160644732
0.458229325246
0118160644930
0.465446965303
0118160645132
0.472406849731
0118160645330
0.479108977132
0118160645528
0.486068896018
0118160645729
0.493028832134
0118160645930
0.518464665394
0118160646129
0.5254246369
0118160646331
0.569336386397
0118160646530
0.594772273675
0118160646727
0.62020817725
0118160646933
0.645644098986
0118160647128
0.689555916004
0118160647328
0.751685852651
0118160647528
0.795597706921
0118160647729
0.83950957749
0118160647931
0.88342146622
0118160648128
0.94580925256
0118160648329
0.989721177146
0118160648531
1.05210899888
0118160648728
1.09602095792
0118160648929
1.13993293373
0118160649128
1.20232080901
0118160649327
1.24623282114
0118160649528
1.30862072995
0118160649729
1.35227498878
0118160649929
1.39644484175
0118160650131
1.45857501542
0118160650333
1.48401123332
0118160650526
1.54639923153
0118160650731
1.60878724558
0118160650932
1.65269939881
0118160651127
1.69661156787
0118160651328
1.74052375508
0118160651529
1.78443595814
0118160651730
1.82809038647
0118160651932
1.89047850715
0118160652130
1.89743900299
0118160652330
1.94135127729
0118160652524
1.98474797281
0118160652725
1.97349043796
0118160652923
1.99866908416
0118160653124
2.02410554793
0118160653322
2.03106614714
0118160653523
2.05598704331
0118160653723
2.06294767652
0118160653924
2.08838420874
0118160654125
2.11382075772
0118160654324
2.13899952127
0118160654525
2.16443610378
0118160654723
2.17139682407
0118160654924
2.1968334429
0118160655125
2.2220122721
0118160655321
2.22897304455
0118160655523
2.254409716
0118160655721
2.29832228553
0118160655928
2.30528310966
0118160656124
2.34919571411
0118160656324
2.35589876398
0118160656524
2.38159333123
0118160656725
2.40677229688
0118160656925
2.4322090894
0118160657124
2.45764589915
0118160657324
2.5013007964
0118160657525
2.50826176023
0118160657724
2.53369862121
0118160657925
2.57735356782
0118160658126
2.60279046278
0118160658327
2.62796956161
0118160658527
2.65340649243
0118160658728
2.67884344142
0118160658925
2.70402258821
0118160659124
2.7479354539
0118160659324
2.77337245364
0118160659529
2.81728535285
0118160659735
2.84246456856
0118160659932
2.88637750363
0118160700130
2.91181457369
0118160700327
2.95572754182
0118160700529
3.01811641036
0118160700729
3.04355353443
0118160700929
3.08746655704
0118160701131
3.13137959549
0118160701328
3.19376853434
0118160701531
3.21894790092
0118160701728
3.26234533777
0118160701932
3.32447649911
0118160702133
3.3681317959
0118160702332
3.41178710898
0118160702530
3.43670872552
0118160702727
3.46163035929
0118160702931
3.48655200657
0118160703131
3.5114736706
0118160703329
3.53665317828
0118160703528
3.52462311042
0118160703727
3.54954481684
0118160703927
3.55599065823
0118160704129
3.56269434979
0118160704334
3.56914022192
0118160704534
3.55711022904
0118160704731
3.56355613098
0118160704931
3.55178400315
0118160705133
3.57670581806
0118160705330
3.54620000161
0118160705535
3.55238812603
0118160705730
3.55909194192
0118160705934
3.54731989279
0118160706133
3.57224178361
0118160706331
3.57868780708
0118160706529
3.58539168769
0118160706729
3.61031362368
0118160706931
3.63549341867
0118160707129
3.66041538352
0118160707329
3.68533736654
0118160707529
3.71051720763
0118160707730
3.73543922044
0118160707931
3.76036124863
0118160708131
3.80401701992
0118160708327
3.81046319613
0118160708525
3.85411900003
0118160708727
3.89725912176
0118160708930
3.94091495778
0118160709133
3.98431295902
0118160709330
4.02771097422
0118160709531
4.07110900618
0118160709730
4.13298293576
0118160709931
4.19485688023
0118160710132
4.2382549569
0118160710330
4.30012893165
0118160710531
4.34352703858
0118160710727
4.42387692444
0118160710929
4.48575094528
0118160711129
4.52914909786
0118160711328
4.59102314804
0118160711526
4.63442133134
0118160711728
4.69629541039
0118160711930
4.7394357645
0118160712132
4.78283399157
0118160712328
4.80801421124
0118160712529
4.85141246859
0118160712727
4.8945528823
0118160712929
4.95668491302
0118160713128
4.96313145105
0118160713329
5.00652976986
0118160713529
5.06814612262
0118160713729
5.07459270488
0118160713926
5.09977305029
0118160714130
5.12443767954
0118160714331
5.14961805614
0118160714526
5.13758881483
0118160714726
5.18098723935
0118160714925
5.18743391242
0118160715127
5.17540471768
0118160715329
5.18185142102
0118160715525
5.18829813879
0118160715730
5.19474487146
0118160715930
5.18245786568
0118160716127
5.17068661749
0118160716327
5.15865751123
0118160716525
5.1648464324
0118160716729
5.17129323957
0118160716925
5.15926417988
0118160717127
5.14723513275
0118160717328
5.17215786921
0118160717527
5.17834686162
0118160717729
5.1847937433
0118160717924
5.19124064036
0118160718129
5.19742967561
0118160718327
5.18540071696
0118160718525
5.19184765872
0118160718725
5.19829461444
0118160718931
5.18626570236
0118160719122
5.19271268928
0118160719327
5.21763557289
0118160719528
5.20534882555
0118160719731
5.23027173849
0118160719929
5.23671878409
0118160720131
5.2429079623
0118160720327
5.2678309218
0118160720528
5.27427801164
0118160720728
5.29920100002
0118160720930
5.30564811965
0118160721129
5.31183736911
0118160721329
5.31828451855
0118160721532
5.36168344924
0118160721729
5.38660651306
0118160721931
5.39279581932
0118160722133
5.41771891154
0118160722329
5.42416613549
0118160722530
5.44908925798
0118160722728
5.4740123963
0118160722929
5.49919344019
0118160723131
5.54259249149
0118160723327
5.56777356844
0118160723528
5.61117265094
0118160723729
5.65482964134
0118160723930
5.67975287186
0118160724129
5.72340989439
0118160724329
5.76680904021
0118160724531
5.81046609441
0118160724737
5.85386527004
0118160724937
5.89752235683
0118160725134
5.9593974459
0118160725339
6.00305456528
0118160725537
6.04671170237
0118160725734
6.108586838
0118160725933
6.1519861049
0118160726134
6.21411917312
0118160726336
6.27599435486
0118160726533
6.33812745428
0118160726736
6.38152678311
0118160726937
6.44340201095
0118160727133
6.50553516019
0118160727334
6.54893453326
0118160727534
6.61106771324
0118160727730
6.67294300301
0118160727931
6.71634242358
0118160728132
6.75999976788
0118160728332
6.82187510235
0118160728533
6.84679868491
0118160728733
6.89045607671
0118160728932
6.93411348155
0118160729134
6.97751299571
0118160729335
7.0026945509
0118160729533
7.04609409487
0118160729734
7.07127567986
0118160729937
7.09619937092
0118160730138
7.12112307595
0118160730340
7.14630470937
0118160730534
7.15275256103
0118160730742
7.19641011162
0118160730943
7.18464002479
0118160731143
7.19108792255
0118160731340
7.17905995017
0118160731541
7.16703199316
0118160731741
7.15526196966
0118160731933
7.12475815974
0118160732138
7.07577847783
0118160732336
7.02679881221
0118160732530
6.95934327599
0118160732737
6.89188775467
0118160732933
6.80595636554
0118160733133
6.71976706665
0118160733330
6.63357778266
0118160733532
6.5289126276
0118160733730
6.40551367635
0118160733932
6.30084854783
0118160734134
6.17770754918
0118160734334
6.03583275201
0118160734533
5.89370004227
0118160734732
5.73334938474
0118160734930
5.59121669596
0118160735140
5.43060813658
0118160735337
5.2702575149
0118160735533
5.10990690673
0118160735735
4.87487898208
0118160735938
4.71427046834
0118160736137
4.53544400912
0118160736338
4.30067404592
0118160736535
4.10285586305
0118160736738
3.88656180538
0118160736940
3.63305805763
0118160737135
3.41650608694
0118160737337
3.18173617404
0118160737538
2.94645040482
0118160737739
2.69294669293
0118160737939
2.45791887492
0118160738140
2.22289106529
0118160738347
1.96912944503
0118160738544
1.73410165543
0118160738748
1.48059799057
0118160738951
1.24557021819
0118160739149
0.991808631457
0118160739346
0.75652293954
0118160739546
0.502761371899
0118160739756
0.249257750344
0118160739957
-0.00450380146503
0118160740156
-0.25826534396
0118160740353
-0.512026878539
0118160740552
-0.784264290705
0118160740749
-1.03776786849
0118160740953
-1.27279555053
0118160741155
-1.54503293568
0118160741352
-1.79879442835
0118160741549
-2.05255591217
0118160741751
-2.30605944479
0118160741953
-2.55982091092
0118160742151
-2.8133244263
0118160742353
-3.0670858752
0118160742549
-3.30211348645
0118160742753
-3.53714108793
0118160742954
-3.77242662618
0118160743155
-4.02567214984
0118160743352
-4.27943355497
0118160743550
-4.53345290059
0118160743751
-4.7869563424
0118160743952
-5.05919360835
0118160744152
-5.31321292976
0118160744349
-5.56671634503
0118160744549
-5.83921153657
0118160744751
-6.11170672113
0118160744950
-6.36572601134
0118160745152
-6.6382211796
0118160745350
-6.91045839014
0118160745551
-7.20168738067
0118160745753
-7.4554486894
0118160745950
-7.7464197129
0118160746151
-8.03790663509
0118160746350
-8.32887764508
0118160746550
-8.62036455469
0118160746749
-8.93006939115
0118160746953
-9.20282244822
0118160747154
-9.53126111021
0118160747349
-9.84148183744
0118160747548
-10.1511866464
0118160747749
-10.4614073625
0118160747954
-10.790103958
0118160748149
-11.1003246633
0118160748350
-11.4290212491
0118160748552
-11.7577178287
0118160748749
-12.0866723619
0118160748955
-12.415626891
0118160749149
-12.7445814144
0118160749351
-13.0920118187
0118160749552
-13.4207083751
0118160749752
-13.768396731
0118160749946
-14.0970932767
0118160750152
-14.4445236647
0118160750347
-14.7737361207
0118160750544
-15.1211664984
0118160750745
-15.4685968729
0118160750942
-15.7980672792
0118160751144
-16.109835681
0118160751345
-16.4031281946
0118160751542
-16.6782027851
0118160751745
-16.9535353333
0118160751942
-17.210391996
0118160752144
-17.4859825056
0118160752341
-17.7615730148
0118160752541
-18.000469713
0118160752739
-18.2208905271
0118160752945
-18.4230934153
0118160753142
-18.6252963049
0118160753341
-18.8092812714
0118160753543
-19.0302180084
0118160753743
-19.2506388198
0118160753936
-19.471317593
0118160754140
-19.7286901735
0118160754337
-19.9863207182
0118160754544
-20.2621691832
0118160754745
-20.5380176478
0118160754944
-20.8323419965
0118160755146
-21.1451422316
0118160755344
-21.4579424658
0118160755541
-21.770742699
0118160755739
-22.1020188178
0118160755940
-22.4332949342
0118160756140
-22.7640551231
0118160756342
-23.1135491598
0118160756541
-23.4627852314
0118160756739
-23.8117633387
0118160756942
-24.1792173279
0118160757143
-24.5466713156
0118160757337
-24.8953914521
0118160757545
-25.2808053927
0118160757744
-25.6292675589
0118160757947
-25.9964635754
0118160758145
-26.3449257375
0118160758341
-26.7116058171
0118160758540
-27.0780279255
0118160758740
-27.426232114
0118160758943
-27.7741783322
0118160759141
-28.1406004331
0118160759339
-28.4700707593
0118160759541
-28.7992831143
0118160759740
-29.1469713505
0118160759942
-29.4756677612
0118160800144
-29.7861462492
0118160800340
-30.1338344733
0118160800536
-30.463304779
0118160800737
-30.7920011696
0118160800938
-31.1394314123
0118160801140
-31.4683857635
0118160801336
-31.7788642263
0118160801537
-32.1075605983
0118160801738
-32.4365149369
0118160801937
-32.7654692717
0118160802142
-33.0944236005
0118160802339
-33.4233779269
0118160802537
-33.7525902204
0118160802737
-34.1000204221
0118160802939
-34.4292327072
0118160803139
-34.776920876
0118160803339
-35.1061331532
0118160803536
-35.4538213122
0118160803742
-35.8015094684
0118160803939
-36.1494555958
0118160804136
-36.478409884
0118160804337
-36.8076221421
0118160804537
-37.1553102825
0118160804739
-37.4845225341
0118160804936
-37.832210667
0118160805138
-38.1798987957
0118160805340
-38.509369012
0118160805538
-38.8573151119
0118160805739
-39.2050032299
0118160805937
-39.5529493215
0118160806135
-39.9011533884
0118160806338
-40.2675753594
0118160806538
-40.6157794204
0118160806739
-40.9824593645
0118160806938
-41.3488813275
0118160807136
-41.6970853787
0118160807338
-42.0450314502
0118160807535
-42.4117113836
0118160807736
-42.7599154273
0118160807938
-43.126079394
0118160808140
-43.4740254511
0118160808336
-43.8217135239
0118160808537
-44.1696595759
0118160808737
-44.5170896603
0118160808938
-44.8647777215
0118160809139
-45.2124657794
0118160809336
-45.5414199661
0118160809538
-45.8703741482
0118160809735
-46.2178042107
0118160809933
-46.5467583844
0118160810134
-46.875712553
0118160810332
-47.2044087322
0118160810533
-47.5518387775
0118160810733
-47.8805349469
0118160810931
-48.2097470816
0118160811136
-48.5384432427
0118160811332
-48.8858732688
0118160811533
-49.2148274062
0118160811732
-49.5625154106
0118160811931
-49.9099454228
0118160812132
-50.2388995481
0118160812330
-50.5865875385
0118160812531
-50.9342755275
0118160812728
-51.2817055243
0118160812930
-51.629393504
0118160813132
-51.9588635843
0118160813330
-52.306551557
0118160813527
-52.6542395265
0118160813729
-52.983967585
0118160813927
-53.2952197548
0118160814129
-53.6064719227
0118160814331
-53.898990212
0118160814527
-54.1917664874
0118160814728
-54.4842847702
0118160814930
-54.7770610414
0118160815131
-55.0141516617
0118160815329
-55.2699761544
0118160815528
-55.5073247594
0118160815730
-55.7449313533
0118160815932
-56.0007558381
0118160816130
-56.275056208
0118160816333
-56.530364702
0118160816530
-56.8041490787
0118160816732
-57.0781914452
0118160816934
-57.370451699
0118160817130
-57.6627119496
0118160817330
-57.9731900883
0118160817530
-58.283926216
0118160817733
-58.5944043468
0118160817935
-58.9233583575
0118160818136
-59.2525703586
0118160818332
-59.562790479
0118160818534
-59.9104783582
0118160818735
-60.2396903476
0118160818932
-60.5686443369
0118160819134
-60.9165902021
0118160819332
-61.2830119487
0118160819539
-61.6122239232
0118160819742
-61.9786456632
0118160819937
-62.3083736277
0118160820137
-62.6560614775
0118160820336
-63.0227412055
0118160820537
-63.3704290483
0118160820737
-63.7183748866
0118160820940
-64.0665787221
0118160821136
-64.4145245529
0118160821348
-64.7624703827
0118160821539
-65.1106742071
0118160821737
-65.4586200309
0118160821937
-65.8063078481
0118160822137
-66.154511665
0118160822339
-66.5024574781
0118160822535
-66.8504032865
0118160822733
-67.217082981
0118160822935
-67.564770781
0118160823137
-67.9129745844
0118160823337
-68.2606623773
0118160823537
-68.6088661747
0118160823737
-68.9568119636
0118160823938
-69.3044997482
0118160824138
-69.6527035348
0118160824336
-70.0191252008
0118160824536
-70.3673289823
0118160824737
-70.7152747558
0118160824938
-71.0819544168
0118160825136
-71.4299001847
0118160825337
-71.7781039546
0118160825537
-72.1260497151
0118160825736
-72.4924713601
0118160825934
-72.8406751207
0118160826137
-73.1886208733
0118160826338
-73.5555585208
0118160826536
-73.9035042678
0118160826738
-74.269925897
0118160826935
-74.6181296436
0118160827135
-74.9845512654
0118160827336
-75.3327550068
0118160827534
-75.699434631
0118160827736
-76.0476383665
0118160827934
-76.395842101
0118160828136
-76.7622637074
0118160828335
-77.1102094259
0118160828536
-77.4766310262
0118160828733
-77.8245767378
0118160828935
-78.1725224461
0118160829137
-78.5204681526
0118160829336
-78.8678978323
0118160829535
-79.2155855191
0118160829735
-79.5445393054
0118160829936
-79.8734930875
0118160830138
-80.2021888532
0118160830339
-80.5493604997
0118160830535
-80.8411044828
0118160830737
-81.1698002336
0118160830939
-81.4982379638
0118160831137
-81.8081998052
0118160831337
-82.1179036247
0118160831543
-82.4278654535
0118160831745
-82.7378272749
0118160831943
-83.0287971753
0118160832141
-83.3385009686
0118160832341
-83.6299868873
0118160832539
-83.9396906686
0118160832740
-84.2493944429
0118160832938
-84.5590982111
0118160833138
-84.8503260859
0118160833335
-85.1785057266
0118160833535
-85.4882094748
0118160833731
-85.7979132165
0118160833935
-86.1076169508
0118160834140
-86.4173206799
0118160834341
-86.7272824207
0118160834534
-87.0187682705
0118160834735
-87.3469478646
0118160834933
-87.6569095901
0118160835131
-87.9668713077
0118160835332
-88.2953089061
0118160835531
-88.62400452
0118160835731
-88.9527001302
0118160835929
-89.2629198465
0118160836128
-89.5918734684
0118160836330
-89.920827087
0118160836531
-90.249780701
0118160836729
-90.5974682197
0118160836926
-90.9446396856
0118160837129
-91.2923271963
0118160837331
-91.6402727286
0118160837529
-91.9882182567
0118160837731
-92.336163783
0118160837929
-92.6841093036
0118160838126
-93.0323128505
0118160838323
-93.3989922786
0118160838524
-93.7474538442
0118160838727
-94.1143912938
0118160838925
-94.4813287416
0118160839121
-94.8297903002
0118160839324
-95.2154616588
0118160839524
-95.5826571262
0118160839725
-95.9501106213
0118160839926
-96.3175641154
0118160840124
-96.6852756348
0118160840325
-97.0532451826
0118160840525
-97.4389165281
0118160840723
-97.807144104
0118160840921
-98.1748556187
0118160841123
-98.5800349624
0118160841323
-98.9480045061
0118160841525
-99.3162320773
0118160841725
-99.7214114186
0118160841926
-100.108114874
0118160842122
-100.49533439
0118160842325
-100.882295873
0118160842526
-101.269515386
0118160842722
-101.656734899
0118160842924
-102.044212442
0118160843122
-102.450165869
0118160843324
-102.837901442
0118160843530
-103.244628958
0118160843730
-103.632622558
0118160843927
-104.057567931
0118160844124
-104.44607759
0118160844326
-104.852805106
0118160844528
-105.241830823
0118160844728
-105.649074396
0118160844925
-106.056317969
0118160845127
-106.445859742
0118160845325
-106.835143487
0118160845526
-107.224685259
0118160845728
-107.614485057
0118160845926
-108.004542883
0118160846129
-108.394600706
0118160846326
-108.766182641
0118160846527
-109.156756517
0118160846726
-109.547072362
0118160846926
-109.919428373
0118160847129
-110.273566523
0118160847326
-110.646180553
0118160847527
-111.019052604
0118160847727
-111.373190741
0118160847927
-111.7275869
0118160848128
-112.082241078
0118160848329
-112.418677392
0118160848528
-112.736895838
0118160848727
-113.05459823
0118160848928
-113.354856825
0118160849133
-113.654857389
0118160849337
-113.972817786
0118160849535
-114.218164747
0118160849734
-114.48147154
0118160849933
-114.781472075
0118160850140
-115.008859165
0118160850338
-115.217512337
0118160850536
-115.4261655
0118160850734
-115.616600784
0118160850936
-115.788560172
0118160851137
-115.923567777
0118160851336
-116.058575372
0118160851542
-116.1568892
0118160851737
-116.255461033
0118160851935
-116.317081082
0118160852145
-116.360483248
0118160852343
-116.385151498
0118160852540
-116.391601864
0118160852737
-116.360842431
0118160852944
-116.311607099
0118160853141
-116.262629767
0118160853337
-116.194918522
0118160853538
-116.127207265
0118160853740
-116.041020107
0118160853936
-115.936357053
0118160854136
-115.831693984
0118160854334
-115.76398267
0118160854535
-115.659319574
0118160854739
-115.573132349
0118160854939
-115.54185675
0118160855140
-115.47362937
0118160855338
-115.3871841
0118160855535
-115.356682484
0118160855734
-115.362358605
0118160855937
-115.331598955
0118160856136
-115.319057174
0118160856332
-115.38067692
0118160856542
-115.386868999
0118160856738
-115.411536949
0118160856943
-115.49189054
0118160857143
-115.553768232
0118160857340
-115.633863793
0118160857540
-115.732435224
0118160857737
-115.86795841
0118160857935
-115.984747699
0118160858137
-116.120528856
0118160858336
-116.274011889
0118160858531
-116.409535019
0118160858732
-116.56353402
0118160858937
-116.717275011
0118160859134
-116.889233878
0118160859339
-117.061450728
0118160859541
-117.21519168
0118160859736
-117.387408504
0118160859933
-117.577843205
0118160900134
-117.731842112
0118160900336
-117.940752672
0118160900536
-118.112969445
0118160900735
-118.285186204
0118160900933
-118.475620841
0118160901133
-118.647837576
0118160901329
-118.820054295
0118160901534
-118.992271004
0118160901734
-119.18296358
0118160901931
-119.355180262
0118160902130
-119.509179034
0118160902328
-119.663177791
0118160902529
-119.816918548
0118160902731
-119.934223494
0118160902928
-120.069746324
0118160903127
-120.205269142
0118160903327
-120.30409816
0118160903528
-120.439620947
0118160903725
-120.538191954
0118160903931
-120.637020927
0118160904126
-120.735849885
0118160904331
-120.83442085
0118160904527
-120.915031873
0118160904729
-120.976651039
0118160904931
-121.057262033
0118160905129
-121.119139148
0118160905330
-121.181016248
0118160905531
-121.224417449
0118160905729
-121.267818635
0118160905931
-121.311477783
0118160906130
-121.336403054
0118160906330
-121.361328313
0118160906529
-121.368035644
0118160906731
-121.374484987
0118160906932
-121.399410197
0118160907128
-121.406117482
0118160907333
-121.431042664
0118160907568
-121.419016061
0118160907731
-121.425723298
0118160907928
-121.43217255
0118160908125
-121.438879755
0118160908326
-121.426853093
0118160908528
-121.433560268
0118160908728
-121.440267425
0118160908926
-121.446716599
0118160909130
-121.453423725
0118160909324
-121.459872869
0118160909524
-121.448104079
0118160909727
-121.473029077
0118160909928
-121.479478175
0118160910125
-121.504661103
0118160910326
-121.51111017
0118160910531
-121.53629307
0118160910736
-121.561475951
0118160910931
-121.604876739
0118160911132
-121.611325745
0118160911329
-121.654984462
0118160911531
-121.698643163
0118160911727
-121.723310047
0118160911928
-121.785186643
0118160912127
-121.865797061
0118160912328
-121.909197743
0118160912533
-121.952340452
0118160912733
-121.995741104
0118160912935
-122.057875579
0118160913133
-122.119752081
0118160913328
-122.18162857
0118160913529
-122.261980926
0118160913727
-122.305381501
0118160913927
-122.385733827
0118160914128
-122.447610255
0118160914330
-122.528220501
0118160914528
-122.589838948
0118160914730
-122.651973279
0118160914926
-122.750285515
0118160915132
-122.793943933
0118160915328
-122.855562322
0118160915529
-122.881002774
0118160915725
-122.923629359
0118160915927
-122.966255932
0118160916128
-122.970383058
0118160916329
-122.991954281
0118160916527
-122.994275785
0118160916728
-122.995565508
0118160916926
-122.996081396
0118160917128
-123.014299334
0118160917327
-122.995565508
0118160917530
-122.995565508
0118160917729
-123.014041389
0118160917928
-122.995565508
0118160918125
-122.995823453
0118160918326
-122.995823453
0118160918528
-122.995565508
0118160918726
-122.995565508
0118160918927
-122.995823453
0118160919127
-122.995823453
0118160919328
-122.995823453
0118160919526
-122.995823453
0118160919729
-122.995823453
0118160919926
-122.995823453
0118160920131
-122.995823453
0118160920326
-122.995823453
0118160920527
-122.995823453
0118160920728
-122.995823453
0118160920925
-122.995823453
0118160921127
-122.995823453
0118160921324
-122.995823453
0118160921526
-123.014299334
0118160921724
-123.014299334
0118160921925
-122.995823453
0118160922124
-123.014299334
0118160922325
-123.014299334
0118160922524
-123.014299334
0118160922724
-123.014299334
0118160922926
-122.995823453
0118160923127
-122.995823453
0118160923325
-122.995823453
0118160923525
-122.995823453
0118160923727
-122.995823453
0118160923927
-122.995823453
0118160924127
-122.995823453
0118160924327
-122.995823453
0118160924527
-122.995823453
0118160924724
-123.014299334
0118160924927
-123.014299334
0118160925129
-122.995823453
0118160925327
-122.995823453
0118160925524
-122.995823453
0118160925724
-122.995823453
0118160925927
-122.995823453
0118160926130
-122.995823453
0118160926326
-122.995823453
0118160926527
-122.995823453
0118160926727
-122.995823453
0118160926927
-122.995823453
0118160927130
-123.014299334
0118160927326
-122.995823453
0118160927527
-123.014299334
0118160927727
-123.014299334
0118160927928
-122.995823453
0118160928130
-122.995823453
0118160928328
-122.995823453
0118160928526
-122.995823453
0118160928726
-122.995823453
0118160928927
-123.014299334
0118160929128
-122.995823453
0118160929329
-123.014557278
0118160929527
-123.014815223
0118160929726
-123.015331112
0118160929929
-122.997629064
0118160930127
-123.017394667
0118160930324
-123.019200276
0118160930526
-123.039739712
0118160930723
-123.042319149
0118160930924
-123.045414472
0118160931126
-123.048509791
0118160931319
-123.070854815
0118160931520
-123.074723954
0118160931719
-123.097326912
0118160931921
-123.101711922
0118160932121
-123.124830747
0118160932321
-123.148207508
0118160932521
-123.153108377
0118160932721
-123.158525116
0118160932919
-123.182159787
0118160933124
-123.206310326
0118160933320
-123.211984972
0118160933521
-123.255127245
0118160933718
-123.260801867
0118160933919
-123.285468232
0118160934115
-123.309876648
0118160934319
-123.334800921
0118160934517
-123.341249297
0118160934719
-123.384649423
0118160934915
-123.40957365
0118160935116
-123.416279914
0118160935318
-123.459422061
0118160935514
-123.484604176
0118160935714
-123.509786275
0118160935920
-123.534452497
0118160936122
-123.559634564
0118160936320
-123.566082804
0118160936513
-123.572788957
0118160936716
-123.597970975
0118160936913
-123.585685359
0118160937112
-123.61060942
0118160937313
-123.617573436
0118160937513
-123.586811895
0118160937714
-123.593260028
0118160937915
-123.581490189
0118160938111
-123.569462409
0118160938313
-123.557692539
0118160938514
-123.564140611
0118160938714
-123.552112786
0118160938915
-123.540342867
0118160939111
-123.528315013
0118160939321
-123.534763025
0118160939528
-123.522735138
0118160939738
-123.52918312
0118160939932
-123.517155206
0118160940128
-123.523603158
0118160940326
-123.530309012
0118160940529
-123.536756932
0118160940731
-123.543462755
0118160940927
-123.549910645
0118160941130
-123.55635852
0118160941330
-123.563064295
0118160941526
-123.56951214
0118160941728
-123.576217883
0118160941933
-123.601141577
0118160942130
-123.607847289
0118160942327
-123.614295072
0118160942528
-123.639476634
0118160942724
-123.645924387
0118160942928
-123.671105914
0118160943126
-123.696029519
0118160943338
-123.721211015
0118160943524
-123.727658707
0118160943723
-123.734364291
0118160943927
-123.759287832
0118160944124
-123.765993384
0118160944325
-123.790916896
0118160944521
-123.797364512
0118160944726
-123.803812113
0118160944928
-123.828735579
0118160945124
-123.835441052
0118160945319
-123.841888607
0118160945519
-123.848336147
0118160945720
-123.854783672
0118160945921
-123.861231182
0118160946129
-123.849202795
0118160946337
-123.855650275
0118160946535
-123.86209774
0118160946728
-123.868545189
0118160946930
-123.856516743
0118160947126
-123.862964163
0118160947327
-123.869411568
0118160947523
-123.857640972
0118160947724
-123.864088346
0118160947927
-123.852059824
0118160948131
-123.858507168
0118160948328
-123.846478616
0118160948531
-123.834450051
0118160948726
-123.840897351
0118160948931
-123.828868752
0118160949128
-123.798364261
0118160949330
-123.804811515
0118160949526
-123.792782873
0118160949729
-123.799230098
0118160949930
-123.787459314
0118160950134
-123.793648621
0118160950327
-123.8000958
0118160950528
-123.78832497
0118160950729
-123.794772119
0118160950929
-123.801219252
0118160951128
-123.807666372
0118160951326
-123.814371359
0118160951527
-123.820818447
0118160951728
-123.845741401
0118160951933
-123.852188459
0118160952128
-123.877369265
0118160952329
-123.883816292
0118160952530
-123.908739184
0118160952727
-123.933662063
0118160952930
-123.958842804
0118160953128
-123.983765652
0118160953324
-123.990212604
0118160953525
-124.015393298
0118160953725
-124.040316099
0118160953926
-124.065238886
0118160954124
-124.071685778
0118160954321
-124.078132653
0118160954524
-124.103055395
0118160954724
-124.109760115
0118160954924
-124.116206945
0118160955123
-124.12265376
0118160955320
-124.129358432
0118160955521
-124.135805218
0118160955723
-124.142251987
0118160955924
-124.148956612
0118160956123
-124.136927472
0118160956321
-124.143374196
0118160956523
-124.131602893
0118160956720
-124.119573706
0118160956925
-124.126020384
0118160957124
-124.11399117
0118160957327
-124.120695684
0118160957524
-124.127142317
0118160957731
-124.1338468
0118160957935
-124.140293402
0118160958129
-124.146997853
0118160958331
-124.153444425
0118160958532
-124.160148844
0118160958732
-124.185071264
0118160958930
-124.210251532
0118160959132
-124.235173922
0118160959330
-124.260096298
0118160959530
-124.266800637
0118160959732
-124.310198862
0118160959930
-124.33537905
0118161000127
-124.378777243
0118161000328
-124.403699541
0118161000531
-124.410145945
0118161000730
-124.472277831
0118161000927
-124.496942229
0118161001128
-124.540340347
0118161001327
-124.58373845
0118161001528
-124.62713654
0118161001727
-124.652316584
0118161001925
-124.676980912
0118161002125
-124.739112684
0118161002326
-124.782510711
0118161002526
-124.807432845
0118161002727
-124.813879083
0118161002928
-124.838801185
0118161003127
-124.845505241
0118161003325
-124.833217707
0118161003525
-124.858397612
0118161003727
-124.846367896
0118161003926
-124.852556198
0118161004127
-124.859260176
0118161004323
-124.865706294
0118161004523
-124.890628275
0118161004726
-124.859864762
0118161004927
-124.903520436
0118161005124
-124.909966493
0118161005327
-124.934888415
0118161005522
-124.959810323
0118161005728
-124.966772015
0118161005933
-125.01016977
0118161006129
-125.035091631
0118161006328
-125.078747193
0118161006530
-125.140620782
0118161006727
-125.202494353
0118161006926
-125.282843791
0118161007127
-125.381669091
0118161007328
-125.462018498
0118161007530
-125.579319647
0118161007725
-125.678144901
0118161007928
-125.777227975
0118161008127
-125.876053199
0118161008326
-125.97513624
0118161008528
-126.056001217
0118161008729
-126.155342055
0118161008931
-126.235949166
0118161009129
-126.279604504
0118161009331
-126.341993534
0118161009533
-126.422858424
0118161009735
-126.485247418
0118161009931
-126.528902688
0118161010132
-126.591291648
0118161010333
-126.616728832
0118161010533
-126.660641877
0118161010731
-126.685821202
0118161010932
-126.711258334
0118161011131
-126.73669545
0118161011333
-126.762132545
0118161011530
-126.769093747
0118161011735
-126.757579053
0118161011937
-126.76479804
0118161012135
-126.771759188
0118161012332
-126.760502258
0118161012534
-126.76746337
0118161012742
-126.774682283
0118161012944
-126.763167483
0118161013141
-126.714700906
0118161013338
-126.684968007
0118161013539
-126.618025518
0118161013738
-126.532607132
0118161013943
-126.409979159
0118161014140
-126.32456074
0118161014340
-126.202190548
0118161014537
-126.079562526
0118161014737
-125.956934487
0118161014936
-125.816088365
0118161015136
-125.674984416
0118161015341
-125.515404573
0118161015535
-125.355824714
0118161015738
-125.196244839
0118161015946
-125.017931262
0118161016147
-124.821141792
0118161016343
-124.661561871
0118161016543
-124.464772372
0118161016743
-124.249506981
0118161016944
-124.052459645
0118161017146
-123.874145981
0118161017349
-123.658622742
0118161017550
-123.442841686
0118161017753
-123.227576223
0118161017952
-122.993061461
0118161018148
-122.740328613
0118161018348
-122.506071629
0118161018549
-122.253080955
0118161018751
-121.981872191
0118161018951
-121.728881493
0118161019148
-121.475890785
0118161019350
-121.204681986
0118161019546
-120.914739498
0118161019751
-120.662006552
0118161019949
-120.390282122
0118161020152
-120.081863725
0118161020347
-119.791663397
0118161020551
-119.482729385
0118161020749
-119.192529039
0118161020952
-118.883595007
0118161021149
-118.574660968
0118161021352
-118.246993247
0118161021551
-117.900591849
0118161021749
-117.609875868
0118161021952
-117.318386504
0118161022148
-117.044599635
0118161022350
-116.78928864
0118161022547
-116.551937935
0118161022747
-116.314845019
0118161022949
-116.059276224
0118161023147
-115.840143597
0118161023345
-115.639486847
0118161023542
-115.438056724
0118161023744
-115.217892931
0118161023949
-115.053414561
0118161024143
-114.88970956
0118161024343
-114.726004556
0118161024542
-114.56229955
0118161024742
-114.361384997
0118161024944
-114.122745321
0118161025145
-113.884879008
0118161025341
-113.629052394
0118161025539
-113.391443866
0118161025747
-113.135617248
0118161025948
-112.842838871
0118161026140
-112.550060489
0118161026338
-112.257282106
0118161026539
-111.946027843
0118161026741
-111.616555485
0118161026941
-111.28734091
0118161027138
-110.976344424
0118161027336
-110.628911751
0118161027536
-110.299954951
0118161027738
-109.952780054
0118161027932
-109.605347366
0118161028129
-109.258430245
0118161028331
-108.892779453
0118161028537
-108.546120103
0118161028738
-108.180727085
0118161028934
-107.815076278
0118161029138
-107.449941031
0118161029330
-107.10250831
0118161029532
-106.718639391
0118161029733
-106.352730781
0118161029931
-106.005813608
0118161030133
-105.621686892
0118161030332
-105.256036049
0118161030534
-104.890127421
0118161030736
-104.524476566
0118161030936
-104.177043807
0118161031132
-103.792659288
0118161031334
-103.427266198
0118161031536
-103.061357548
0118161031742
-102.69544889
0118161031942
-102.348531663
0118161032136
-101.982880776
0118161032335
-101.617229883
0118161032533
-101.251836761
0118161032730
-100.904661735
0118161032931
-100.539010826
0118161033128
-100.173102136
0118161033328
-99.8074512179
0118161033529
-99.4602761711
0118161033728
-99.0943674678
0118161033930
-98.7287165336
0118161034134
-98.3815414733
0118161034331
-98.0158905289
0118161034528
-97.6499818065
0118161034733
-97.2655972005
0118161034930
-96.918679893
0118161035129
-96.5709892623
0118161035335
-96.2058538375
0118161035529
-95.8584209699
0118161035734
-95.4930277616
0118161035930
-95.1458526547
0118161036131
-94.7804594361
0118161036332
-94.4335420886
0118161036531
-94.0866247355
0118161036731
-93.7397073773
0118161036933
-93.3740563653
0118161037136
-93.0273967637
0118161037332
-92.6804793887
0118161037531
-92.333819773
0118161037728
-92.0053782626
0118161037933
-91.6587186358
0118161038134
-91.3120590015
0118161038337
-90.9651415967
0118161038539
-90.599748305
0118161038735
-90.2530886531
0118161038932
-89.9061712292
0118161039131
-89.5589960348
0118161039337
-89.2123363642
0118161039539
-88.8654189217
0118161039736
-88.5002833605
0118161039933
-88.1346322647
0118161040134
-87.7692389288
0118161040335
-87.4038455859
0118161040531
-87.0384522364
0118161040735
-86.6912769973
0118161040935
-86.3258836381
0118161041132
-85.9604902733
0118161041339
-85.5948391408
0118161041540
-85.2291880022
0118161041737
-84.8635368617
0118161041935
-84.4981434718
0118161042136
-84.1324923197
0118161042335
-83.76709892
0118161042539
-83.3829718791
0118161042736
-83.0357965874
0118161042938
-82.6701454134
0118161043135
-82.3047519913
0118161043336
-81.939100808
0118161043538
-81.5734496186
0118161043737
-81.2080561812
0118161043935
-80.8608808583
0118161044136
-80.4954874082
0118161044339
-80.1300939531
0118161044538
-79.7644427372
0118161044740
-79.3990492718
0118161044938
-79.0336557995
0118161045140
-78.668262322
0118161045338
-78.3026110837
0118161045540
-77.9556934708
0118161045739
-77.5902999761
0118161045940
-77.2249064762
0118161046139
-76.8777310941
0118161046344
-76.5120798303
0118161046543
-76.1466863127
0118161046740
-75.7812927882
0118161046941
-75.4158992595
0118161047137
-75.0505057247
0118161047338
-74.7035880615
0118161047536
-74.337936765
0118161047736
-73.9725432121
0118161047938
-73.6256255321
0118161048138
-73.2602319685
0118161048334
-72.9133142764
0118161048535
-72.5479207016
0118161048739
-72.2010029973
0118161048938
-71.854085288
0118161049137
-71.4886916946
0118161049331
-71.1417739741
0118161049532
-70.7948562456
0118161049740
-70.4479385135
0118161049943
-70.0825448972
0118161050142
-69.7356271506
0118161050344
-69.3887094022
0118161050547
-69.0417916453
0118161050739
-68.6761402623
0118161050938
-68.292012996
0118161051149
-67.9638288436
0118161051342
-67.61742655
0118161051541
-67.2705087634
0118161051743
-66.9235909721
0118161051942
-66.5954067935
0118161052143
-66.2302708537
0118161052344
-65.8833530452
0118161052551
-65.5364352288
0118161052751
-65.189775147
0118161052946
-64.8243814418
0118161053143
-64.4961972246
0118161053342
-64.1310612475
0118161053553
-63.7844011402
0118161053750
-63.4559591659
0118161053951
-63.0908231679
0118161054141
-62.7623811816
0118161054338
-62.397245171
0118161054538
-62.0688031707
0118161054735
-61.7034094133
0118161054938
-61.3562337891
0118161055135
-60.9905822831
0118161055332
-60.6254462427
0118161055530
-60.278012868
0118161055732
-59.9123613453
0118161055936
-59.5467098183
0118161056135
-59.1623246744
0118161056331
-58.7961576707
0118161056530
-58.4299906623
0118161056727
-58.0456055072
0118161056933
-57.6424867366
0118161057131
-57.2573283743
0118161057329
-56.8542095972
0118161057529
-56.4693089607
0118161057731
-56.0656747133
0118161057933
-55.6622981937
0118161058132
-55.2773975478
0118161058332
-54.8735055602
0118161058531
-54.4701290331
0118161058732
-54.0662370389
0118161058931
-53.6626027757
0118161059128
-53.2589685074
0118161059329
-52.8553342381
0118161059534
-52.4332240871
0118161059741
-52.048065688
0118161059943
-51.6444314099
0118161100139
-51.2225789796
0118161100335
-50.8189446959
0118161100537
-50.4155681375
0118161100737
-50.0119338478
0118161100937
-49.6082995567
0118161101135
-49.2046652604
0118161101338
-48.7825550842
0118161101534
-48.3786630575
0118161101736
-47.9747710261
0118161101933
-47.5711367214
0118161102133
-47.1675024126
0118161102337
-46.7636103746
0118161102539
-46.3412424582
0118161102738
-45.918874539
0118161102939
-45.496248893
0118161103134
-45.092614572
0118161103336
-44.6697311956
0118161103537
-44.247105544
0118161103739
-43.8244798896
0118161103935
-43.4013387845
0118161104135
-42.9784554029
0118161104337
-42.5370961423
0118161104539
-42.1139550335
0118161104737
-41.6910716468
0118161104938
-41.2676728126
0118161105142
-40.844273977
0118161105339
-40.4211328635
0118161105538
-39.9792581494
0118161105738
-39.5558593106
0118161105939
-39.1134691481
0118161106140
-38.6713367086
0118161106340
-38.247937867
0118161106534
-37.8240235806
0118161106736
-37.4001092929
0118161106939
-36.9577191276
0118161107134
-36.5150712389
0118161107336
-36.0908992281
0118161107534
-35.6667272164
0118161107735
-35.2425552057
0118161107936
-34.799907316
0118161108136
-34.3754775799
0118161108337
-33.9325719676
0118161108533
-33.5083999559
0118161108736
-33.0652366206
0118161108937
-32.6220732853
0118161109133
-32.178909949
0118161109335
-31.7544802134
0118161109539
-31.3115745992
0118161109741
-30.8686689842
0118161109942
-30.4444969702
0118161110138
-30.0015913551
0118161110334
-29.5592011851
0118161110534
-29.1165532894
0118161110731
-28.6926389961
0118161110934
-28.2502488228
0118161111135
-27.8081163722
0118161111331
-27.3842020757
0118161111534
-26.9423273453
0118161111730
-26.5186707694
0118161111934
-26.0770537565
0118161112135
-25.6536549013
0118161112332
-25.2117801658
0118161112535
-24.788639029
0118161112736
-24.3654978899
0118161112937
-23.9605749077
0118161113132
-23.5556519246
0118161113332
-23.1504712193
0118161113537
-22.7268146365
0118161113738
-22.3029003334
0118161113937
-21.8966887458
0118161114139
-21.4537831252
0118161114335
-21.0296111009
0118161114535
-20.6044081962
0118161114737
-20.1609871341
0118161114938
-19.7365573896
0118161115134
-19.2931363257
0118161115336
-18.8491998222
0118161115538
-18.4057787596
0118161115741
-17.9808335723
0118161115934
-17.5368970702
0118161116134
-17.1111787227
0118161116332
-16.6857180959
0118161116533
-16.2602574667
0118161116734
-15.834281398
0118161116932
-15.4083053274
0118161117133
-14.9825869785
0118161117335
-14.5753445053
0118161117533
-14.1675865902
0118161117735
-13.7598286746
0118161117937
-13.3338526003
0118161118134
-12.9076188048
0118161118335
-12.4998608851
0118161118540
-12.0738848099
0118161118740
-11.665611445
0118161118939
-11.2573380787
0118161119136
-10.8490647124
0118161119332
-10.4223154644
0118161119532
-10.0137843704
0118161119732
-9.60499555198
0118161119935
-9.19646445569
0118161120135
-8.78741790913
0118161120333
-8.37862908468
0118161120533
-7.96958253207
0118161120733
-7.56079370109
0118161120930
-7.15148941986
0118161121133
-6.74244285841
0118161121333
-6.35161444871
0118161121532
-5.92409200408
0118161121738
-5.55122401519
0118161121934
-5.178613747
0118161122132
-4.84218205046
0118161122332
-4.52448395686
0118161122533
-4.2252617348
0118161122729
-3.9255240527
0118161122934
-3.62604409037
0118161123135
-3.36274269735
0118161123331
-3.08122314326
0118161123532
-2.8176640044
0118161123731
-2.55410485622
0118161123931
-2.30850611767
0118161124131
-2.06264963839
0118161124332
-1.83501129225
0118161124529
-1.62584881252
0118161124729
-1.4164285874
0118161124931
-1.22522649448
0118161125132
-1.03402438574
0118161125333
-0.861298138276
0118161125529
-0.688571877312
0118161125729
-0.534063744824
0118161125932
-0.398289209232
0118161126129
-0.280732801184
0118161126329
-0.162918639835
0118161126529
-0.0451044589281
0118161126729
0.0357579826377
0118161126930
0.0981445610523
0118161127132
0.142313018907
0118161127330
0.167490135878
0118161127528
0.209854444955
0118161127727
0.232711920515
0118161127928
0.235547075048
0118161128130
0.237351266202
0118161128327
0.256858110428
0118161128530
0.238897716627
0118161128729
0.257115852088
0118161128931
0.238639974501
0118161129128
0.238382232375
0118161129326
0.256858110428
0118161129527
0.238639974501
0118161129726
0.256858110428
0118161129929
0.238382232375
0118161130130
0.257115852088
0118161130327
0.257115852088
0118161130528
0.257115852088
0118161130727
0.238639974501
0118161130929
0.257115852088
0118161131128
0.238639974501
0118161131329
0.238639974501
0118161131530
0.238639974501
0118161131727
0.238639974501
0118161131928
0.238639974501
0118161132136
0.257115852088
0118161132333
0.257115852088
0118161132531
0.238639974501
0118161132733
0.257115852088
0118161132932
0.257115852088
0118161133132
0.257115852088
0118161133332
0.257115852088
0118161133532
0.257115852088
0118161133732
0.257115852088
0118161133934
0.257115852088
0118161134134
0.257115852088
0118161134332
0.238639974501
0118161134532
0.238639974501
0118161134731
0.238639974501
0118161134934
0.238639974501
0118161135133
0.238639974501
0118161135417
0.238639974501
0118161135532
0.238639974501
0118161135735
0.238639974501
0118161135933
0.238639974501
0118161136132
0.238639974501
0118161136333
0.238639974501
0118161136535
0.238639974501
0118161136742
0.257115852088
0118161136943
0.238639974501
0118161137135
0.238639974501
0118161137338
0.238639974501
0118161137539
0.238639974501
0118161137737
0.238639974501
0118161137938
0.238639974501
0118161138139
0.238639974501
0118161138336
0.238639974501
0118161138538
0.238639974501
0118161138735
